0.0,-0.008261892,-0.0
0.0,-0.008124194,-0.0
0.0,-0.007988791,-0.0
0.0,-0.007855644,-0.0
0.0,-0.007724717,-0.0
0.0,-0.0075959717,-0.0
0.0,-0.007469372,-0.0
0.0,-0.007344882,-0.0
0.0,-0.0072224676,-0.0
0.0,-0.007102093,-0.0
0.0,-0.006983725,-0.0
0.0,-0.006867329,-0.0
0.0,-0.006752874,-0.0
0.0,-0.0066403258,-0.0
0.0,-0.006529654,-0.0
0.0,-0.0064208265,-0.0
0.0,-0.006313813,-0.0
0.0,-0.006208583,-0.0
0.0,-0.006105107,-0.0
0.0,-0.006003355,-0.0
0.0,-0.009693297,-0.0
0.0,-0.013335078,-0.0
0.0,-0.01692949,-0.0
0.0,-0.020477336,-0.0
0.0,-0.023979383,-0.0
0.0,-0.027436387,-0.0
0.0,-0.030849108,-0.0
0.0,-0.034218304,-0.0
0.0,-0.03754466,-0.0
0.0,-0.040828917,-0.0
0.0,-0.044071782,-0.0
0.0,-0.047273915,-0.0
0.0,-0.050436012,-0.0
0.0,-0.05355874,-0.0
0.0038583756,-0.05664355,-0.057875633
0.007666028,-0.059692018,-0.17286605
0.011424041,-0.06270488,-0.3442267
0.0151334675,-0.06568293,-0.57122874
0.018795334,-0.068626955,-0.8531587
0.022410633,-0.07153758,-1.1893181
0.02598034,-0.07441559,-1.5790234
0.029505394,-0.07726162,-2.021604
0.032927033,-0.07599084,-2.5155096
0.036293738,-0.07474325,-3.0599158
0.039606627,-0.07351839,-3.5961392
0.042866834,-0.0723159,-4.124151
0.046075463,-0.071135394,-4.6439233
0.049233582,-0.0699765,-5.155425
0.05234227,-0.06883884,-5.658629
0.055402555,-0.067722075,-6.153508
0.05841546,-0.06662581,-6.6400347
0.06138199,-0.0655497,-7.1181836
0.06430312,-0.0644934,-7.5888243
0.06717983,-0.06345658,-8.052115
0.07001306,-0.062438894,-8.508212
0.072803736,-0.06143999,-8.957266
0.07555278,-0.060459565,-9.3994255
0.07826104,-0.05949727,-9.834839
0.08092944,-0.058552805,-10.263645
0.08355883,-0.057625856,-10.685989
0.08615003,-0.056716118,-11.102008
0.088703856,-0.055823267,-11.511836
0.091221124,-0.054947022,-11.915605
0.09370265,-0.054087084,-12.313448
0.09614916,-0.053243153,-12.705489
0.098561436,-0.052414957,-13.091855
0.10094023,-0.051602222,-13.472667
0.10328624,-0.050804652,-13.848045
0.10560017,-0.05002198,-14.218105
0.10788277,-0.049253948,-14.582967
0.10990838,-0.044393,-14.939341
0.111897975,-0.039623,-15.287252
0.11385261,-0.034942176,-15.626723
0.11577334,-0.030348679,-15.957785
0.11766116,-0.0258407,-16.280464
0.11951713,-0.021416469,-16.5948
0.12134225,-0.01707421,-16.900831
0.123137526,-0.012812217,-17.198599
0.124903955,-0.008628758,-17.488155
0.122563854,-0.004468036,-17.708374
0.12026366,-3.8845936E-4,-17.8637
0.11800268,0.0036114056,-17.955273
0.11578036,0.007532934,-17.984188
0.113596044,0.011377494,-17.95153
0.11144913,0.015146438,-17.858349
0.10933903,0.018841049,-17.705677
0.10726516,0.022462646,-17.49452
0.105226964,0.026012529,-17.22586
0.10322384,0.029491939,-16.900661
0.10125528,0.032902136,-16.581034
0.09932074,0.03624433,-16.266888
0.09741966,0.03951974,-15.958144
0.09555157,0.042729568,-15.654711
0.093715906,0.045874976,-15.35651
0.091912225,0.048957143,-15.063456
0.09013999,0.051977195,-14.775472
0.08839877,0.054936267,-14.492475
0.086688034,0.057835493,-14.214391
0.08124276,0.05686241,-13.884675
0.07589892,0.05590568,-13.504329
0.07065464,0.054965027,-13.074337
0.065508164,0.05404019,-12.595664
0.06045777,0.05313091,-12.069258
0.055501692,0.052236926,-11.496044
0.050638262,0.05135799,-10.876934
0.04586574,0.05049385,-10.212821
0.04118254,0.049644273,-9.504578
0.03658695,0.048809014,-8.753061
0.032077417,0.047987837,-8.015581
0.027652295,0.04718051,-7.291882
0.023310049,0.046386816,-6.581713
0.019049104,0.04560652,-5.8848276
0.018731618,0.04484641,-5.2589355
0.018419424,0.044098973,-4.702701
0.018112438,0.043363992,-4.2148137
0.017810559,0.04264126,-3.793986
0.01751372,0.04193057,-3.4389536
0.017404262,0.037468784,-3.1512132
0.017297316,0.033069603,-2.9295118
0.017192792,0.028731914,-2.7726192
0.01709064,0.024454618,-2.6793284
0.016990788,0.02023667,-2.6484537
0.016893188,0.016077006,-2.6208768
0.016797757,0.0119746225,-2.596552
0.016704472,0.007928503,-2.5754323
0.012706145,0.0039563556,-2.498866
0.008772548,4.2651096E-5,-2.3677487
0.004902029,-0.0038140556,-2.1802151
0.0010929664,-0.007615121,-1.9371499
-0.0026561976,-0.011361917,-1.639415
-0.0063470206,-0.015055758,-1.2878501
-0.0099809645,-0.018697893,-0.8832738
-0.013559492,-0.022289583,-0.42648363
-0.017084027,-0.025832029,0.08174314
-0.020555934,-0.02932641,0.64064926
-0.023976581,-0.032773867,1.1908901
-0.027347239,-0.036175497,1.7326869
-0.030669205,-0.03953237,2.2662551
-0.0339437,-0.04284556,2.7918053
-0.037171923,-0.04611604,3.3095412
-0.040355038,-0.049344826,3.8196614
-0.043494172,-0.052532867,4.3223596
-0.042677227,-0.055706296,4.759126
-0.041873865,-0.058840062,5.1309733
-0.04108387,-0.061934758,5.438893
-0.040307008,-0.06499113,5.683849
-0.039543074,-0.06800973,5.8667865
-0.038791835,-0.07099128,5.9886255
-0.038053107,-0.07393632,6.0502667
-0.03741889,-0.07270405,6.0539713
-0.036795244,-0.071492314,6.0005746
-0.03618199,-0.07030078,5.890892
-0.03557896,-0.0691291,5.784418
-0.03498598,-0.06797695,5.6810994
-0.03440288,-0.066844,5.5808845
-0.0338295,-0.06572993,5.4837213
-0.03326567,-0.064634435,5.3895607
-0.032711245,-0.06355719,5.298352
-0.03216606,-0.06249791,5.2100463
-0.03162996,-0.061456278,5.1232123
-0.031102793,-0.06043201,5.0378256
-0.030584415,-0.05942481,4.953862
-0.030074676,-0.058434393,4.871298
-0.029573433,-0.057460487,4.7901096
-0.029080542,-0.05650281,4.710275
-0.028595868,-0.0555611,4.6317706
-0.02811927,-0.05463508,4.5545735
-0.027650619,-0.053724494,4.4786644
-0.02718977,-0.052829087,4.40402
-0.02673661,-0.051948603,4.33062
-0.026290996,-0.051082794,4.258443
-0.025852816,-0.050231416,4.187469
-0.025421938,-0.049394228,4.117678
-0.024998236,-0.04857099,4.0490503
-0.0245816,-0.047761474,3.9815662
-0.02417191,-0.046965446,3.9152071
-0.023769045,-0.04618269,3.849953
-0.023372896,-0.045412976,3.7857869
-0.022983344,-0.044656094,3.7226906
-0.022600286,-0.043911822,3.6606457
-0.022223616,-0.043179955,3.599635
-0.021853225,-0.04246029,3.5396411
-0.021489,-0.041752618,3.480647
-0.021130849,-0.041056737,3.4226365
-0.020778663,-0.040372457,3.3655922
-0.020432353,-0.039699588,3.309499
-0.020091811,-0.039037928,3.2543406
-0.019756945,-0.0383873,3.2001016
-0.019427665,-0.03774751,3.1467662
-0.019103868,-0.037118386,3.0943198
-0.01878547,-0.036499746,3.0427475
-0.018472377,-0.035891414,2.9920347
-0.014209652,-0.03532486,2.8828447
-0.010014704,-0.03476985,2.7161028
-0.005886205,-0.03422622,2.4927158
-0.0018228292,-0.033693742,2.213573
0.002176706,-0.0331722,1.8795452
0.0061136642,-0.032661453,1.4914861
0.009989277,-0.03216125,1.0502319
0.013804793,-0.031671446,0.55660194
0.017561372,-0.031191818,0.01139936
0.021260198,-0.03072218,-0.58458936
0.024902439,-0.030262375,-1.1712707
0.0244874,-0.029758,-1.6888024
0.024079274,-0.029262034,-2.1382844
0.023677953,-0.028774332,-2.520796
0.023283323,-0.028294763,-2.8373957
0.022895265,-0.027823186,-3.0891197
0.022513676,-0.027359469,-3.2769854
0.022138445,-0.026903478,-3.4019904
0.021769468,-0.026455084,-3.4651117
0.021406643,-0.02601417,-3.4673083
0.021049865,-0.025580596,-3.4095197
0.020699032,-0.025154257,-3.352694
0.02035405,-0.024735022,-3.2968159
0.020014811,-0.024322772,-3.2418685
0.019681232,-0.023917388,-3.1878371
0.019353207,-0.02351877,-3.1347065
0.015034071,-0.023074564,-3.0225124
0.010791985,-0.022639759,-2.8523152
0.0066254614,-0.022214198,-2.6251552
0.0025330305,-0.021797745,-2.3420508
-0.0014866908,-0.021390295,-2.0040026
-0.0054351487,-0.020991666,-1.6119902
-0.009313718,-0.020601781,-1.1669737
-0.0131237665,-0.020220455,-0.6698949
-0.016866624,-0.019847583,-0.121677086
-0.020543631,-0.01948305,0.4767754
-0.024156094,-0.019126693,1.0646279
-0.027705284,-0.01877842,1.6420869
-0.031271763,-0.014311163,2.2105453
-0.034763142,-0.009934886,2.7699878
-0.03818082,-0.0056480644,3.3204
-0.04152618,-0.001448973,3.8617654
-0.044800576,0.0026638429,4.3940687
-0.04800536,0.00669206,4.9172926
-0.051141873,0.010637148,5.431421
-0.054211445,0.01450065,5.936438
-0.05721537,0.018284082,6.432327
-0.060154963,0.021988956,6.919072
-0.0630315,0.02561674,7.3954687
-0.06584627,0.029168876,7.8617153
-0.068600535,0.032646816,8.318011
-0.071295574,0.036052026,8.764551
-0.073932625,0.039385878,9.201532
-0.07651294,0.042649817,9.629147
-0.07903777,0.045845237,10.0475855
-0.08150835,0.048973523,10.457039
-0.083925895,0.05203608,10.857697
-0.086291656,0.055034228,11.249747
-0.08860685,0.057969373,11.633377
-0.09087272,0.060842857,12.008774
-0.09309045,0.06365604,12.376122
-0.09526129,0.066410266,12.735608
-0.09738647,0.069106884,13.087416
-0.099467196,0.071747206,13.43173
-0.10150469,0.0743326,13.768734
-0.1035002,0.076864384,14.098612
-0.10545494,0.079343915,14.421547
-0.10737012,0.08177249,14.737723
-0.10924701,0.08415146,15.047327
-0.111086816,0.08648216,15.350538
-0.11289079,0.0887659,15.647543
-0.11466015,0.09100403,15.938524
-0.11639616,0.09319786,16.223671
-0.11810002,0.09534874,16.503164
-0.11599092,0.09743832,16.720459
-0.113917395,0.09948099,16.876715
-0.11187889,0.10147758,16.973074
-0.10987482,0.103428945,17.010645
-0.10790464,0.105335906,16.99051
-0.10596781,0.107199274,16.913725
-0.10406382,0.10901987,16.781319
-0.10219213,0.110798486,16.5943
-0.10035224,0.11253592,16.353642
-0.09854365,0.114232965,16.060295
-0.096765876,0.11589039,15.771918
-0.095018454,0.117508985,15.488436
-0.09330089,0.11908952,15.2097645
-0.09161274,0.12063277,14.935835
-0.09008587,0.11862222,14.668552
-0.08858444,0.11664519,14.407802
-0.08710803,0.1147011,14.153464
-0.08565623,0.112789415,13.905426
-0.08422863,0.11090959,13.663571
-0.08282482,0.1090611,13.42779
-0.0814444,0.10724341,13.197967
-0.08008699,0.105456024,12.973995
-0.078752205,0.103698425,12.755765
-0.07743967,0.101970114,12.543169
-0.07614901,0.10027062,12.334116
-0.07487986,0.09859944,12.128548
-0.07363187,0.09695612,11.926406
-0.07240467,0.09534018,11.727632
-0.07119792,0.09375118,11.532171
-0.07001129,0.092188664,11.339969
-0.06884444,0.09065218,11.1509695
-0.06769703,0.08914132,10.96512
-0.06656875,0.087655626,10.782368
-0.06545927,0.0861947,10.602661
-0.06436828,0.08475812,10.425951
-0.063295476,0.08334549,10.252185
-0.06224055,0.08195639,10.081315
-0.061203204,0.08059046,9.913294
-0.060183153,0.07924727,9.748072
-0.0591801,0.077926494,9.585604
-0.05819376,0.07662772,9.425844
-0.057223868,0.07535059,9.268746
-0.056270134,0.07409474,9.114267
-0.0553323,0.07285983,8.962362
-0.054410093,0.0716455,8.81299
-0.05350326,0.07045141,8.666106
-0.052611537,0.06927721,8.521671
-0.05173468,0.068122596,8.3796425
-0.050872434,0.066987224,8.239983
-0.05002456,0.06587077,8.102649
-0.045479078,0.06470642,7.911929
-0.04101828,0.06356376,7.668845
-0.036640488,0.06244249,7.3744
-0.032344047,0.061342318,7.0295773
-0.028127292,0.06026299,6.6353354
-0.023988612,0.059204217,6.1926155
-0.019926352,0.058165725,5.7023373
-0.01593892,0.057147257,5.165401
-0.0120247165,0.056148537,4.5826855
-0.008182148,0.05516932,3.955049
-0.004409639,0.054209344,3.3390074
-7.0561963E-4,0.053268325,2.7343175
0.0029314598,0.052346054,2.1407382
0.0064445892,0.047962435,1.5589088
0.009907256,0.04364612,0.98839056
0.01332108,0.03939508,0.42874512
0.01668758,0.035207395,-0.12046379
0.020008218,0.031081213,-0.6596708
0.023284374,0.027014801,-1.1893071
0.026517363,0.023006463,-1.7097999
0.02970844,0.019054612,-2.2215712
0.03285879,0.015157719,-2.725037
0.035969544,0.01131432,-3.2206087
0.039041784,0.007523026,-3.7095666
0.042076536,0.0037824889,-4.1921053
0.045074783,9.143551E-5,-4.6684113
0.048037462,-0.0035513442,-5.138659
0.05096547,-0.007147036,-5.6030183
0.053859662,-0.010696775,-6.0616474
0.05672086,-0.014201638,-6.5147004
0.059549857,-0.017662652,-6.9623218
0.062347405,-0.021080833,-7.404651
0.06511422,-0.024457151,-7.84182
0.06785103,-0.02779252,-8.273958
0.07055848,-0.031087853,-8.701188
0.07323725,-0.034344006,-9.123626
0.07588793,-0.03756182,-9.541384
0.078511156,-0.040742118,-9.954568
0.0811075,-0.04388566,-10.363286
0.08367753,-0.04699324,-10.767635
0.08622179,-0.050065566,-11.167713
0.08874082,-0.05310337,-11.563615
0.09123514,-0.05610735,-11.955429
0.09370522,-0.059078168,-12.343243
0.09615159,-0.062016495,-12.7271385
0.098574705,-0.06492296,-13.107201
0.10097501,-0.06779818,-13.483507
0.099444345,-0.07061218,-13.797505
0.097939365,-0.07339206,-14.049983
0.09645966,-0.07613845,-14.241715
0.09500479,-0.07885191,-14.373461
0.09357434,-0.081533,-14.445963
0.09216791,-0.08418234,-14.459953
0.09078506,-0.08680037,-14.416152
0.08942542,-0.089387685,-14.315258
0.0880886,-0.09194484,-14.157967
0.08677419,-0.09447228,-13.944956
0.08548184,-0.09697058,-13.7355175
0.08405713,-0.09535441,-13.527285
0.082656175,-0.09376516,-13.320232
0.08127858,-0.09220241,-13.114339
0.079923935,-0.090665706,-12.909582
0.07859187,-0.08915461,-12.705942
0.077282004,-0.087668695,-12.503396
0.07599398,-0.086207554,-12.301923
0.07472741,-0.08477076,-12.101505
0.07348195,-0.083357915,-11.902123
0.07225725,-0.08196862,-11.703753
0.07105296,-0.080602475,-11.508692
0.06986875,-0.079259105,-11.31688
0.06870427,-0.07793811,-11.128266
0.0675592,-0.076639146,-10.942795
0.066433206,-0.075361826,-10.760414
0.06532599,-0.07410579,-10.581074
0.06423722,-0.0728707,-10.404723
0.0631666,-0.07165619,-10.23131
0.062113825,-0.070461914,-10.060789
0.061078597,-0.06928755,-9.893108
0.060060617,-0.06813276,-9.728223
0.05905961,-0.06699721,-9.566086
0.058075283,-0.06588059,-9.4066515
0.057107363,-0.06478259,-9.249875
0.05615557,-0.063702874,-9.095711
0.055219643,-0.06264116,-8.944116
0.054299314,-0.061597142,-8.795048
0.053394325,-0.060570523,-8.648462
0.05250442,-0.059561014,-8.504321
0.051629346,-0.058568332,-8.362582
0.050768856,-0.057592195,-8.223206
0.04992271,-0.056632325,-8.086153
0.049090665,-0.055688452,-7.9513836
0.048272487,-0.054760315,-7.81886
0.047467947,-0.053847644,-7.6885457
0.046676815,-0.052950185,-7.5604033
0.045898866,-0.052067682,-7.4343963
0.045133885,-0.051199887,-7.3104897
0.044381656,-0.050346553,-7.1886477
0.043488085,-0.0454346,-7.0665298
0.042609535,-0.040617485,-6.9441395
0.04174579,-0.035893604,-6.8214855
0.04089658,-0.03126138,-6.6985745
0.04006169,-0.026719283,-6.5754128
0.03924085,-0.022265749,-6.452006
0.038433872,-0.017899355,-6.328362
0.037640516,-0.013618601,-6.2044873
0.03686055,-0.00942202,-6.0803866
0.036093783,-0.005308231,-5.956069
0.035339974,-0.0012758215,-5.833847
0.03459892,0.0026765983,-5.7136874
0.03387044,0.0065503637,-5.595557
0.033154298,0.010346846,-5.479423
0.032450322,0.014067301,-5.365253
0.0317583,0.017713046,-5.2530146
0.031078061,0.021285364,-5.1426773
0.030409403,0.02478549,-5.0342107
0.029752146,0.028214667,-4.9275846
0.029106112,0.031574097,-4.8227696
0.028471116,0.034864977,-4.7197366
0.027996596,0.034283895,-4.620702
0.027529987,0.0337125,-4.525595
0.023230676,0.03315927,-4.3767405
0.019009542,0.032614935,-4.175129
0.014865049,0.032079343,-3.9217303
0.0107956845,0.031552337,-3.6174948
0.0067999563,0.031033779,-3.2633529
0.002876369,0.030523516,-2.8602164
-9.765188E-4,0.030021409,-2.4089768
-0.0047601582,0.029527316,-1.9105078
-0.008475956,0.029041098,-1.3634194
-0.012125329,0.028562626,-0.76858974
-0.015709663,0.028091762,-0.18448462
-0.015447835,0.027623568,0.332376
-0.015190371,0.027163174,0.78320736
-0.014937198,0.026710453,1.1692005
-0.014688245,0.026265277,1.4915235
-0.014443441,0.025827521,1.7513206
-0.014202718,0.025397064,1.9497136
-0.013966004,0.02497378,2.0878015
-0.013733236,0.02455755,2.1666605
-0.013504351,0.024148256,2.1873462
-0.013279279,0.023745785,2.1508904
-0.013057959,0.023350023,2.115042
-0.012840327,0.022960855,2.0797913
-0.012626322,0.022578174,2.045128
-0.012415882,0.02220187,2.0110428
-0.012208951,0.02183184,1.9775255
-0.012005468,0.021467978,1.9445667
-0.011805375,0.021110179,1.9121573
-0.01160862,0.02075834,1.880288
-0.0114151435,0.020412367,1.84895
-0.01122489,0.02007216,1.8181341
-0.011037807,0.019737624,1.7878318
-0.010853843,0.019408662,1.7580347
-0.010672946,0.019085182,1.728734
-0.010495063,0.018767096,1.6999218
-0.010320147,0.018454311,1.6715896
-0.010148143,0.01814674,1.6437298
-0.00997901,0.017844293,1.6163342
-0.009812693,0.017546888,1.5893953
-0.009649149,0.01725444,1.5629053
-0.009488332,0.016966866,1.5368569
-0.0093301935,0.016684085,1.511243
-0.009174689,0.016406018,1.4860556
-0.009021779,0.016132584,1.461288
-0.008871417,0.015863707,1.4369334
-0.008723561,0.015599312,1.4129845
-0.008578169,0.015339323,1.3894349
-0.008435202,0.015083667,1.3662777
-0.008294614,0.014832272,1.3435066
-0.008156371,0.0145850675,1.3211148
-0.008020433,0.014341984,1.2990965
-0.007886759,0.014102952,1.277445
-0.0077553154,0.013867903,1.2561543
-0.007626061,0.013636772,1.2352184
-0.0074989595,0.013409492,1.2146317
-0.0073739765,0.013185999,1.1943879
-0.007251076,0.012966233,1.1744815
-0.0071302257,0.012750129,1.1549069
-0.010793861,0.012542437,1.1923956
-0.014392777,0.012337832,1.2859416
-0.017928345,0.012136266,1.4345604
-0.021401914,0.011937679,1.6372877
-0.024814814,0.011742022,1.8931803
-0.028168354,0.011549243,2.2013147
-0.031463824,0.011359291,2.5607874
-0.034702506,0.011172118,2.9707153
-0.037885647,0.010987675,3.430234
-0.041014485,0.010805919,3.938498
-0.044090234,0.010626798,4.4379435
-0.047114097,0.010450274,4.928763
-0.050087247,0.006486301,5.411147
-0.049252458,0.002574867,5.828905
-0.048431583,-0.0012847205,6.1831565
-0.04762439,-0.005093302,6.4749975
-0.04683065,-0.008851756,6.7054996
-0.04605014,-0.01256089,6.8757143
-0.04528264,-0.016221536,6.986669
-0.04452793,-0.019834524,7.039371
-0.043785796,-0.02340061,7.0348034
-0.04305603,-0.0269206,6.9739327
-0.04233843,-0.030395253,6.8577003
-0.04163279,-0.033825327,6.7434053
-0.04093891,-0.037211586,6.6310153
-0.040256597,-0.04055472,6.5204983
-0.039585654,-0.04385548,6.4118233
-0.038925894,-0.047114562,6.30496
-0.03827713,-0.050332654,6.1998773
-0.03763918,-0.053510442,6.0965466
-0.037011858,-0.05664859,5.9949374
-0.036394995,-0.05974778,5.8950214
-0.03578841,-0.06280866,5.7967715
-0.03519194,-0.06583183,5.7001586
-0.034605402,-0.06881799,5.605155
-0.034028646,-0.071767665,5.5117364
-0.033461504,-0.07468155,5.419874
-0.032903813,-0.077560164,5.3295426
-0.032355417,-0.08040417,5.2407174
-0.031816162,-0.08321409,5.153372
-0.031285893,-0.08599053,5.067483
-0.02680609,-0.0887352,4.92365
-0.02238741,-0.09144998,4.7226343
-0.018028628,-0.094135426,4.4651847
-0.013728554,-0.096792236,4.152032
-0.009486023,-0.09942093,3.7838924
-0.005339823,-0.097778045,3.3620672
-0.0012615025,-0.09616511,2.8874326
0.0027502736,-0.09458162,2.3608472
0.0066968123,-0.09302705,1.7831527
0.010579405,-0.09150095,1.1551731
0.014399316,-0.09000281,0.53709203
0.01815779,-0.088532165,-0.07108603
0.021856045,-0.087088555,-0.669356
0.025495283,-0.08567151,-1.2577136
0.029076684,-0.08428057,-1.8361541
0.03260141,-0.08291531,-2.4052727
0.036070593,-0.081575274,-2.9652543
0.039485343,-0.080260046,-3.5162804
0.04284676,-0.078969166,-4.058529
0.04615594,-0.07770226,-4.592177
0.0494139,-0.076458864,-5.1173964
0.052621707,-0.07523861,-5.634355
0.055780366,-0.07404109,-6.1432204
0.058890887,-0.072865896,-6.644154
0.06195425,-0.07171266,-7.137317
0.0649714,-0.07058098,-7.6228666
0.06794329,-0.06947047,-8.100958
0.07087086,-0.06838079,-8.57174
0.073754996,-0.06731155,-9.035364
0.076596595,-0.06626239,-9.491974
0.07939653,-0.06523298,-9.941713
0.07807326,-0.064145766,-10.323486
0.07677204,-0.06307667,-10.638362
0.07549251,-0.062025394,-10.887386
0.07423429,-0.060991637,-11.071587
0.07299706,-0.059975106,-11.191972
0.07178044,-0.05897552,-11.24953
0.0705841,-0.057992592,-11.245228
0.0694077,-0.05702605,-11.180018
0.06825091,-0.05607562,-11.054832
0.06711339,-0.055141028,-10.870585
0.06191828,-0.054147054,-10.628261
0.056815457,-0.053171895,-10.328913
0.05180322,-0.052215252,-9.973574
0.046879876,-0.051276844,-9.563257
0.0420438,-0.050356396,-9.098958
0.037293352,-0.049453594,-8.581652
0.03262692,-0.04856817,-8.012294
0.028042944,-0.047699872,-7.391822
0.023539873,-0.046848416,-6.7211566
0.01911617,-0.046013553,-6.0011983
0.014770345,-0.045195024,-5.293979
0.010500884,-0.04439253,-4.5992613
0.0063063623,-0.04360586,-3.916808
0.002185325,-0.042834736,-3.2463899
-0.0018636346,-0.04207894,-2.5877779
-0.005841911,-0.041338205,-1.9407489
-0.009750867,-0.040612318,-1.3050823
-0.013591858,-0.03990102,-0.68056035
-0.017366214,-0.039204072,-0.066969045
-0.021075241,-0.038521282,0.53590226
-0.02472022,-0.037852384,1.1282606
-0.028302424,-0.03719716,1.7103102
-0.03182309,-0.036555417,2.282252
-0.035283457,-0.035926897,2.8442838
-0.038684722,-0.035311412,3.3966005
-0.042028077,-0.03470876,3.939393
-0.045314685,-0.03411871,4.47285
-0.048545703,-0.03354107,4.9971576
-0.05172225,-0.03297561,5.5124984
-0.054845456,-0.032422137,6.0190516
-0.057916395,-0.031880498,6.516994
-0.060936157,-0.03135043,7.0064993
-0.06390579,-0.030831797,7.4877396
-0.06682634,-0.030324372,7.960883
-0.06969883,-0.02982796,8.426095
-0.072524264,-0.029342396,8.883538
-0.07530363,-0.02886749,9.333372
-0.07803789,-0.028403068,9.775755
-0.08072801,-0.027948944,10.210841
-0.07938254,-0.02748313,10.578897
-0.078112654,-0.031269755,10.881841
-0.07686394,-0.03500653,11.120758
-0.07563604,-0.038694374,11.296712
-0.0744286,-0.04233404,11.410745
-0.0732413,-0.045926366,11.463882
-0.07207379,-0.0494721,11.457127
-0.07092573,-0.052972093,11.391458
-0.069796816,-0.056427043,11.267841
-0.06868672,-0.059837732,11.087222
-0.067595124,-0.06320486,10.910411
-0.06652173,-0.06652921,10.7365465
-0.06541303,-0.06542039,10.564783
-0.064322814,-0.06433006,10.395085
-0.063250765,-0.06325789,10.227418
-0.06219659,-0.062203582,10.061748
-0.061159976,-0.06116686,9.898039
-0.060140643,-0.060147412,9.736263
-0.059138298,-0.05914496,9.5763855
-0.05815266,-0.05815921,9.418375
-0.05718345,-0.057189893,9.262199
-0.056230392,-0.05623673,9.107829
-0.055293217,-0.055299457,8.956032
-0.054371666,-0.054377794,8.806765
-0.05346547,-0.053471502,8.6599865
-0.05257438,-0.05258031,8.515653
-0.051698137,-0.05170398,8.373725
-0.050836504,-0.050842237,8.234162
-0.04998923,-0.049994867,8.096927
-0.049156077,-0.049161624,7.9619784
-0.048336808,-0.04834226,7.829278
-0.047531195,-0.04753655,7.69879
-0.046739005,-0.04674427,7.570477
-0.045960024,-0.045965195,7.444303
-0.045194026,-0.045199107,7.3202305
-0.04444079,-0.044445787,7.198227
-0.04370011,-0.04370502,7.078256
-0.04297178,-0.042976603,6.9602857
-0.04225558,-0.04226033,6.8442807
-0.041551318,-0.041555993,6.7302094
-0.040858798,-0.040863387,6.618039
-0.04017782,-0.040182337,6.5077386
-0.039508186,-0.039512634,6.399276
-0.03884972,-0.03885409,6.2926226
-0.038202222,-0.03820653,6.1877446
-0.03756552,-0.03756976,6.0846157
-0.036939427,-0.036943596,5.983206
-0.03632377,-0.036327872,5.883486
-0.035718374,-0.035722397,5.785428
-0.035123065,-0.03512702,5.689004
-0.03453768,-0.034541573,5.594187
-0.033962056,-0.03396589,5.5009503
-0.03339602,-0.033399787,5.4092684
-0.03283942,-0.032843128,5.3191133
-0.032292094,-0.032295737,5.230461
-0.031753894,-0.031757466,5.1432867
-0.031224664,-0.031228177,5.057566
-0.030704252,-0.03070771,4.9732733
-0.030192515,-0.03019592,4.890385
-0.029689306,-0.02969265,4.808879
-0.029194484,-0.029197773,4.728731
-0.02870791,-0.028711144,4.6499186
-0.028229443,-0.028232623,4.5724196
-0.027758954,-0.02776208,4.496213
-0.027296305,-0.027299372,4.421276
-0.026841367,-0.02684439,4.347588
-0.02639401,-0.02639699,4.2751284
-0.025954109,-0.025957044,4.2038765
-0.025521541,-0.025524426,4.1338115
-0.025096182,-0.025099022,4.0649147
-0.024677912,-0.02468071,3.997166
-0.024266614,-0.02426936,3.9305468
-0.023862172,-0.023864873,3.8650372
-0.023464467,-0.023467127,3.8006206
-0.023073394,-0.023076009,3.7372768
-0.022688838,-0.022691408,3.6749887
-0.022310691,-0.022313213,3.6137388
-0.021938844,-0.021941328,3.55351
-0.021573197,-0.02157564,3.4942846
-0.021213643,-0.021216042,3.4360466
-0.020860083,-0.020862436,3.3787792
-0.020512413,-0.020514727,3.3224661
-0.020170541,-0.020172818,3.2670918
-0.019834366,-0.0198366,3.21264
-0.019503793,-0.019505994,3.1590962
-0.01917873,-0.019180886,3.1064446
-0.018859085,-0.018861199,3.0546708
-0.018544765,-0.018546851,3.0037596
-0.018235687,-0.018237734,2.9536967
-0.01793176,-0.017933765,2.9044685
-0.017632896,-0.017634869,2.8560607
-0.017339015,-0.017340947,2.8084595
-0.017050032,-0.017051935,2.761652
-0.016765865,-0.01676774,2.7156243
-0.016486432,-0.016488282,2.6703641
-0.016211659,-0.01621348,2.6258578
-0.015941465,-0.015943257,2.5820935
-0.015675774,-0.015677532,2.5390587
-0.01541451,-0.01541624,2.4967413
-0.015157602,-0.015159305,2.4551287
-0.014904976,-0.014906645,2.4142098
-0.01465656,-0.014658197,2.373973
-0.014412284,-0.014413897,2.3344069
-0.014172079,-0.014173667,2.2955003
-0.013935878,-0.013937442,2.2572417
-0.013703613,-0.013705159,2.2196212
-0.01347522,-0.013476738,2.1826272
-0.013250633,-0.013252131,2.1462502
-0.01302979,-0.01303126,2.1104794
-0.012812627,-0.012814077,2.075305
-0.012599083,-0.012600501,2.0407164
-0.012389097,-0.012390486,2.0067046
-0.012182613,-0.012183984,1.9732593
-0.01197957,-0.011980915,1.9403718
-0.01177991,-0.0117812315,1.9080323
-0.011583579,-0.01158487,1.8762318
-0.011390519,-0.011391783,1.8449614
-0.011200677,-0.011201922,1.8142118
-0.011013999,-0.011015224,1.7839752
-0.010830432,-0.010831642,1.7542423
-0.010649925,-0.010651112,1.7250048
-0.010472427,-0.010473601,1.696255
-0.010297886,-0.0102990465,1.667984
-0.0101262545,-0.010127401,1.6401842
-0.009957484,-0.009958616,1.6128478
-0.009791527,-0.009792645,1.5859671
-0.009628336,-0.0096294405,1.5595342
-0.009467864,-0.009468953,1.533542
-0.009310067,-0.009311136,1.5079831
-0.009154898,-0.009155957,1.48285
-0.009002316,-0.009003353,1.4581358
-0.008852277,-0.008853292,1.4338337
-0.00870474,-0.008705744,1.4099364
-0.00855966,-0.008560642,1.3864375
-0.008416998,-0.008417972,1.3633301
-0.008276715,-0.0082776705,1.3406081
-0.00813877,-0.008139705,1.3182646
-0.008003124,-0.008004045,1.2962935
-0.007869738,-0.0078706425,1.2746885
-0.0077385763,-0.0077394643,1.2534437
-0.0076095997,-0.00761048,1.232553
-0.007482773,-0.007483641,1.2120104
-0.00735806,-0.0073589166,1.1918101
-0.0072354255,-0.007236274,1.1719466
-0.0071148355,-0.0071156663,1.1524142
-0.006996254,-0.006997077,1.1332073
-0.0068796496,-0.006880458,1.1143205
-0.006764988,-0.0067657786,1.0957484
-0.006652238,-0.006653023,1.077486
-0.006541367,-0.006542142,1.0595279
-0.0064323447,-0.0064331056,1.041869
-0.0063251397,-0.0063258805,1.0245047
-0.006219721,-0.006220452,1.0074295
-0.006116058,-0.0061167716,0.9906389
-0.0060141245,-0.006014824,0.97412825
-0.0059138895,-0.005914577,0.9578927
-0.0058153253,-0.0058159987,0.9419279
-0.005718404,-0.0057190577,0.92622924
-0.005623098,-0.005623738,0.9107921
-0.00552938,-0.0055300076,0.8956123
-0.0054372232,-0.005437835,0.8806855
-0.0053466023,-0.0053472044,0.86600745
-0.0052574915,-0.0052580833,0.85157394
-0.0051698666,-0.0051704408,0.83738106
-0.005083702,-0.0050842604,0.82342476
-0.004998974,-0.0049995263,0.809701
-0.004915659,-0.004916207,0.796206
-0.00483373,-0.0048342706,0.782936
-0.004753168,-0.004753701,0.769887
-0.00467395,-0.0046744663,0.7570555
-0.0045960504,-0.0045965514,0.7444379
-0.0045194505,-0.0045199394,0.7320307
-0.0044441265,-0.004444599,0.7198303
-0.0043700575,-0.0043705306,0.707833
-0.0042972225,-0.004297686,0.69603586
-0.004225602,-0.004226065,0.6844352
-0.004155175,-0.004155636,0.67302805
-0.004085922,-0.0040863673,0.6618109
-0.004017824,-0.0040182592,0.65078074
-0.00395086,-0.0039512953,0.6399344
1.7849008E-4,-0.0038630804,0.5683163
0.004237737,-0.0037793,0.43695843
0.008228228,-0.0036998908,0.24687311
0.012151292,-0.003624789,-9.471271E-4
0.01600824,-0.003553915,-0.30552906
0.019800348,-0.0034872056,-0.66591835
0.023528893,-0.0034245967,-1.0811794
0.027195107,-0.0033660254,-1.5503949
0.03080022,-0.0033114115,-2.0726655
0.03434543,-0.003260708,-2.6471095
0.03783192,-0.0032138347,-3.2119112
0.03720139,-0.0031602702,-3.706366
0.036581364,-0.0031075955,-4.1316633
0.03597168,-0.003055795,-4.488969
0.03537215,-0.0030048687,-4.7794275
0.034782615,-0.002954785,-5.004162
0.03823572,0.0014609337,-5.2247634
0.041618712,0.0057870704,-5.4411182
0.044932973,0.010025215,-5.6531096
0.048179857,0.014176956,-5.860626
0.05136072,0.018243885,-6.063557
0.054476883,0.022227526,-6.32269
0.05752968,0.026129404,-6.6369143
0.06052041,0.029951032,-7.0051455
0.06345037,0.033693887,-7.426319
0.06632083,0.03735949,-7.8993926
0.06913308,0.040949218,-8.362853
0.07188835,0.04446459,-8.816897
0.074587904,0.04790694,-9.261722
0.077232964,0.051277716,-9.697517
0.07982477,0.054578304,-10.124479
0.08236451,0.0578101,-10.542793
0.0848534,0.060974408,-10.952649
0.087292634,0.06407262,-11.354234
0.08968339,0.06710602,-11.747727
0.09202684,0.07007596,-12.133317
0.09432416,0.072983734,-12.511183
0.09657652,0.07583062,-12.881506
0.09878503,0.07861793,-13.244463
0.10095085,0.081346914,-13.600231
0.10307513,0.08401883,-13.948987
0.105158955,0.08663492,-14.290903
0.10720346,0.08919646,-14.626155
0.10920975,0.091704614,-14.954912
0.11117894,0.09416063,-15.277346
0.113112085,0.0965657,-15.593623
0.11501028,0.09892105,-15.903915
0.1168746,0.10122787,-16.208387
0.118706115,0.1034873,-16.507202
0.11651116,0.10574368,-16.740608
0.11435337,0.107950225,-16.90978
0.11223209,0.11010779,-17.015877
0.11014674,0.11221723,-17.060028
0.10809675,0.11427942,-17.043331
0.10629514,0.11237476,-16.970076
0.10452355,0.110501856,-16.841246
0.10278149,0.10866015,-16.657814
0.10106847,0.10684916,-16.420723
0.09938399,0.10506834,-16.13089
0.09772758,0.10331721,-15.849137
0.096098796,0.10159525,-15.575317
0.09449715,0.099902004,-15.309295
0.092922196,0.09823696,-15.050926
0.09137349,0.09659968,-14.800079
0.0898506,0.09498969,-14.55341
0.08835309,0.09340653,-14.310852
0.08688054,0.09184975,-14.072338
0.08543253,0.09031892,-13.8378
0.08400866,0.088813595,-13.60717
0.082608506,0.08733337,-13.380383
0.081231706,0.08587781,-13.157377
0.07987784,0.08444652,-12.938087
0.07854654,0.083039075,-12.722453
0.077237435,0.08165509,-12.510413
0.075950146,0.08029417,-12.301905
0.07468431,0.07895593,-12.096873
0.07343957,0.077640004,-11.895259
0.07221558,0.076346,-11.697004
0.07101199,0.07507357,-11.502054
0.06982846,0.07382234,-11.310353
0.06866465,0.07259197,-11.121847
0.06752024,0.0713821,-10.936483
0.0663949,0.070192404,-10.754209
0.06528832,0.06902253,-10.574973
0.06420018,0.06787215,-10.398724
0.06313017,0.06674095,-10.22541
0.062078,0.0656286,-10.054987
0.061043367,0.06453479,-9.8874035
0.06002598,0.06345921,-9.722613
0.05902554,0.062401555,-9.560571
0.058041777,0.06136153,-9.401228
0.05707442,0.06033884,-9.24454
0.05612318,0.05933319,-9.090464
0.055187788,0.0583443,-8.938957
0.054267995,0.057371896,-8.789974
0.053363528,0.056415692,-8.643474
0.05247414,0.055475432,-8.499416
0.051599573,0.054550845,-8.3577585
0.050739583,0.05364167,-8.218463
0.04989392,0.05274764,-8.081489
0.049062356,0.05186851,-7.946797
0.04824465,0.051004037,-7.814351
0.047440577,0.05015397,-7.684111
0.0466499,0.049318068,-7.556043
0.0458724,0.048496105,-7.4301095
0.045107864,0.047687832,-7.3062744
0.044356067,0.046893034,-7.1845036
0.043616805,0.04611148,-7.0647626
0.042889856,0.045342956,-6.9470162
0.04217502,0.04458724,-6.831232
0.04147211,0.04384412,-6.7173786
0.04078091,0.043113384,-6.605423
0.040101226,0.042394828,-6.4953327
0.039432876,0.041688252,-6.3870773
0.03877566,0.040993445,-6.2806263
0.0381294,0.040310223,-6.175949
0.03749391,0.039638385,-6.0730166
0.036869016,0.038977742,-5.9718
0.036254533,0.038328115,-5.87227
0.035650294,0.037689313,-5.774399
0.03505612,0.03706116,-5.678159
0.034471855,0.036443472,-5.5835233
0.034111533,0.03190362,-5.4936776
0.03375782,0.02742732,-5.408552
0.033410583,0.023013469,-5.328076
0.03306968,0.018660966,-5.2521806
0.03273504,0.014368785,-5.1807966
0.032406483,0.010135865,-5.1138587
0.03208391,0.005961172,-5.051299
0.031767216,0.0018437306,-4.9930534
0.031456247,-0.0022174518,-4.9390554
0.031150969,-0.0062233764,-4.8892417
0.030851213,-0.0101749655,-4.8403378
0.030556878,-0.0140731735,-4.792323
0.030267883,-0.017918881,-4.745183
0.029984117,-0.021713026,-4.6988997
0.029705476,-0.025456477,-4.6534557
0.029431859,-0.029150097,-4.608836
0.029163186,-0.032794762,-4.5650253
0.02484088,-0.036320124,-4.4611306
0.020587213,-0.0397976,-4.2980947
0.016400624,-0.04322831,-4.0768394
0.012279566,-0.046613295,-3.7982655
0.008026679,-0.045767687,-3.4603124
0.0038508414,-0.04493812,-3.0640569
-2.493779E-4,-0.044124365,-2.6105542
-0.0042754174,-0.04332616,-2.1008408
-0.008228684,-0.042543292,-1.5359325
-0.011943738,-0.04595472,-0.9193288
-0.015603367,-0.049322,-0.31266505
-0.019208884,-0.05264605,0.28427643
-0.022761544,-0.055927873,0.8717088
-0.026262578,-0.05916834,1.449841
-0.029713186,-0.0623684,2.015939
-0.033114538,-0.06552892,2.5704198
-0.036467806,-0.06865073,3.113696
-0.03977406,-0.0717347,3.6461756
-0.043146197,-0.070492625,4.169938
-0.04645883,-0.06927383,4.687665
-0.049713135,-0.06807797,5.1993117
-0.052910283,-0.066904634,5.7048326
-0.05605141,-0.065753475,6.2041807
-0.059137642,-0.064624146,6.6973066
-0.062170077,-0.06351625,7.18416
-0.065149814,-0.062429484,7.6646886
-0.068077914,-0.0613635,8.138841
-0.07095544,-0.06031793,8.606562
-0.07378343,-0.059292458,9.066119
-0.076562904,-0.05828677,9.517681
-0.07929487,-0.057300527,9.961408
-0.0819803,-0.05633339,10.397457
-0.08462019,-0.05538507,10.825989
-0.08721549,-0.054455232,11.247158
-0.08976712,-0.05354361,11.661113
-0.092276044,-0.052649863,12.068005
-0.09474314,-0.051773716,12.467983
-0.09716932,-0.05091486,12.861193
-0.099555455,-0.050073035,13.247772
-0.10190242,-0.04924791,13.627864
-0.10421106,-0.048439242,14.001608
-0.10648222,-0.04764672,14.369137
-0.10871671,-0.046870098,14.730585
-0.110915355,-0.046109095,15.086082
-0.11307893,-0.04536345,15.435759
-0.115208216,-0.04463289,15.779743
-0.117303975,-0.04391717,16.118155
-0.11936698,-0.04321604,16.45112
-0.12139794,-0.04252921,16.778757
-0.1233976,-0.04185647,17.101187
-0.12536669,-0.041197572,17.418522
-0.12730585,-0.040552236,17.730873
-0.12921582,-0.03992028,18.03836
-0.13109726,-0.039301436,18.34109
-0.13295083,-0.038695462,18.63917
-0.13477714,-0.038102165,18.932701
-0.13657689,-0.0375213,19.221798
-0.13835065,-0.036952656,19.506552
-0.14009905,-0.03639597,19.787067
-0.14182268,-0.035851087,20.063444
-0.14352216,-0.03531777,20.335775
-0.145198,-0.034795783,20.604156
-0.14685082,-0.034284964,20.868681
-0.14848115,-0.03378507,21.12944
-0.14600645,-0.033221994,21.325275
-0.14357303,-0.03266829,21.457212
-0.14118013,-0.03212382,21.526262
-0.13882713,-0.03158842,21.53341
-0.13651337,-0.031061944,21.479624
-0.13423814,-0.03054425,21.365854
-0.13200083,-0.030035177,21.193037
-0.12980081,-0.029534595,20.962078
-0.123559624,-0.02897083,20.61271
-0.117427506,-0.028418874,20.146906
-0.1114025,-0.027878586,19.627846
-0.10548261,-0.027349742,19.056488
-0.09966595,-0.026832199,18.433775
-0.09395061,-0.026325798,17.760628
-0.08833472,-0.025830317,17.037949
-0.08281645,-0.025345644,16.266623
-0.077394,-0.024871588,15.447521
-0.072065584,-0.024408007,14.581495
-0.066829465,-0.02395471,13.730542
-0.0616839,-0.023511553,12.894387
-0.056627225,-0.023078393,12.072759
-0.051657736,-0.022655059,11.265385
-0.046773806,-0.022241386,10.472003
-0.041973826,-0.021837251,9.692351
-0.037256192,-0.021442477,8.926173
-0.032619353,-0.021056939,8.173217
-0.028061768,-0.02068049,7.4332333
-0.023581915,-0.020312976,6.705978
-0.0191783,-0.019954253,5.99121
-0.014849466,-0.01960419,5.288694
-0.010593969,-0.019262664,4.598195
-0.0064103873,-0.018929498,3.9194849
-0.0022973248,-0.01860458,3.2523375
0.0017465934,-0.018287754,2.5965312
0.0057227146,-0.017978923,1.9518478
0.009632369,-0.017677927,1.3180718
0.0134768635,-0.01738464,0.69499236
0.01725748,-0.017098935,0.08240136
0.020975487,-0.0168207,-0.5199054
0.024632117,-0.016549777,-1.1121292
0.028228598,-0.016286071,-1.6944677
0.031766128,-0.016029438,-2.2671156
0.035245888,-0.015779765,-2.8302636
0.03866904,-0.015536944,-3.3841002
0.042036712,-0.01530083,-3.92881
0.04535003,-0.015071313,-4.4645753
0.0486101,-0.014848296,-4.991574
0.051818,-0.014631637,-5.5099816
0.054974783,-0.014421225,-6.019971
0.0580815,-0.014216947,-6.5217123
0.061139178,-0.014018695,-7.0153704
0.06414881,-0.013826339,-7.5011106
0.067111395,-0.013639816,-7.9790936
0.07002791,-0.013458983,-8.449476
0.07289929,-0.013283714,-8.912415
0.07572648,-0.013113944,-9.368062
0.07851038,-0.012949546,-9.8165655
0.08125193,-0.012790426,-10.258076
0.08395196,-0.012636439,-10.692733
0.086611375,-0.012487555,-11.120679
0.08923104,-0.012343629,-11.542057
0.09181175,-0.012204552,-11.957002
0.09435435,-0.012070258,-12.365647
0.092781775,-0.011869081,-12.706955
0.09123541,-0.011671257,-12.9819975
0.08971482,-0.011476739,-13.191822
0.08821957,-0.011285464,-13.337459
0.08674925,-0.011097368,-13.41992
0.085303426,-0.010912418,-13.440191
0.083881706,-0.010730537,-13.399245
0.08248367,-0.010551691,-13.298037
0.08110895,-0.010375833,-13.137494
0.07975713,-0.0102029005,-12.918536
0.078427844,-0.010032845,-12.703227
0.077120714,-0.009865633,-12.491507
0.07583537,-0.0097012045,-12.283315
0.07457145,-0.009539525,-12.078592
0.07332859,-0.0093805315,-11.877283
0.07210646,-0.009224192,-11.679329
0.07090469,-0.00907046,-11.484673
0.069722936,-0.008919287,-11.2932625
0.06856088,-0.008770625,-11.1050415
0.06741821,-0.008624443,-10.919957
0.06629457,-0.008480708,-10.737957
0.06518966,-0.008339358,-10.558991
0.064103164,-0.008200375,-10.38301
0.06303478,-0.008063698,-10.20996
0.0619842,-0.007929309,-10.039794
0.06095113,-0.0077971616,-9.872463
0.059935275,-0.0076672076,-9.707922
0.058936354,-0.0075394153,-9.5461235
0.05795408,-0.007413753,-9.387021
0.05698818,-0.0072901887,-9.23057
0.056038376,-0.00716869,-9.076728
0.0551044,-0.007049211,-8.92545
0.054359905,-0.01122934,-8.7793
0.053627953,-0.015352885,-8.638197
0.052908294,-0.01942075,-8.502059
0.052200735,-0.023433907,-8.370803
0.051505085,-0.027393293,-8.24435
0.050821118,-0.031299733,-8.1226225
0.050148647,-0.035154168,-8.005541
0.04948749,-0.038957484,-7.89303
0.048837435,-0.04271051,-7.785016
0.048023477,-0.041998673,-7.6788025
0.047223087,-0.04129869,-7.57175
0.046436034,-0.040610377,-7.463871
0.0456621,-0.03993354,-7.3551784
0.044901066,-0.039267983,-7.245683
0.044152714,-0.038613524,-7.1353974
0.043416835,-0.03796997,-7.0243335
0.042693216,-0.037337143,-6.912502
0.041981664,-0.036714856,-6.799915
0.041281972,-0.036102947,-6.6865826
0.040593933,-0.035501227,-6.5751395
0.039917365,-0.034909535,-6.4655538
0.039252076,-0.034327712,-6.3577943
0.03859787,-0.03375559,-6.2518306
0.03795457,-0.033193,-6.147633
0.037321996,-0.03263979,-6.0451727
0.036699962,-0.032095797,-5.9444194
0.0360883,-0.031560864,-5.8453455
0.035486825,-0.031034851,-5.7479224
0.03489538,-0.03051761,-5.6521244
0.03431379,-0.030008983,-5.5579224
0.033741895,-0.02950883,-5.46529
0.03317953,-0.02901702,-5.374202
0.032626532,-0.028533395,-5.2846317
0.032082755,-0.028057845,-5.196554
0.031548046,-0.027590211,-5.109945
0.031022247,-0.027130382,-5.0247793
0.026377717,-0.02660036,-4.879121
0.021815125,-0.026081976,-4.6740456
0.017332943,-0.025575018,-4.4106083
0.012929662,-0.025079314,-4.0898466
0.008603827,-0.02459472,-3.7127755
0.0043539684,-0.024121063,-3.2803922
1.7864704E-4,-0.023658132,-2.7936738
-0.0039235433,-0.02320582,-2.2535796
-0.007953977,-0.022763936,-1.6610494
-0.011914039,-0.022332303,-1.017005
-0.015805054,-0.02191078,-0.38426337
-0.01962835,-0.02149922,0.23738877
-0.023385234,-0.02109747,0.84816134
-0.027076991,-0.02070535,1.4482611
-0.030704876,-0.020322736,2.0378916
-0.034343097,-0.015557433,2.6183476
-0.037905533,-0.010888529,3.1896105
-0.04139358,-0.006314373,3.7516613
-0.04480863,-0.001833264,4.304481
-0.04815203,0.0025564034,4.84805
-0.051425137,0.006856267,5.382352
-0.05462927,0.011067915,5.9073653
-0.057765733,0.015192875,6.4230733
-0.06083584,0.019232718,6.929456
-0.063840866,0.023189005,7.426496
-0.06678209,0.02706318,7.9130807
-0.06966075,0.030856768,8.389409
-0.07247811,0.03457122,8.855676
-0.07523538,0.03820796,9.312078
-0.077933796,0.041768473,9.758805
-0.07661491,0.04526254,10.136651
-0.075318,0.04868505,10.446982
-0.074042715,0.05203717,10.691136
-0.072788686,0.055320088,10.87043
-0.07155554,0.05853498,10.986151
-0.070342965,0.061682954,11.039563
-0.06915059,0.06476513,11.031911
-0.07189118,0.06777542,11.023106
-0.074573725,0.07072059,11.013182
-0.07719946,0.073601924,11.002168
-0.07976961,0.07642065,11.049488
-0.082285404,0.07917801,11.153999
-0.08086089,0.0818903,11.256271
-0.07946014,0.08454406,11.356342
-0.078082725,0.08714031,11.454249
-0.07672829,0.08968,11.55003
-0.075396426,0.09216409,11.643718
-0.07408677,0.09459352,11.676652
-0.072798945,0.09696916,11.65003
-0.0715326,0.09929192,11.565027
-0.07028736,0.10156272,11.422793
-0.0691159,0.09987001,11.225251
-0.06796397,0.09820552,11.031797
-0.06683124,0.096568756,10.842363
-0.06571738,0.094959274,10.656883
-0.06462209,0.09337662,10.475291
-0.063545056,0.09182035,10.297521
-0.062485974,0.09029,10.123508
-0.061444536,0.08878517,9.953192
-0.060420465,0.08730542,9.786509
-0.059413455,0.085850336,9.623401
-0.058423232,0.08441949,9.463011
-0.05744951,0.0830125,9.305294
-0.05649202,0.081628956,9.150205
-0.05555049,0.08026848,8.997703
-0.054624643,0.07893068,8.84774
-0.053714234,0.077615164,8.700278
-0.052819,0.07632157,8.555274
-0.051938675,0.07504954,8.412686
-0.051073033,0.07379872,8.272474
-0.050221816,0.07256875,8.1346
-0.049384784,0.07135927,7.9990234
-0.048561707,0.07016994,7.865706
-0.047752343,0.06900045,7.734611
-0.046956472,0.06785045,7.6057014
-0.046173867,0.0667196,7.4789395
-0.0454043,0.06560761,7.354291
-0.044647563,0.064514145,7.231718
-0.043903433,0.063438915,7.1111903
-0.04317171,0.0623816,6.99267
-0.042452183,0.0613419,6.8761253
-0.041744646,0.06031954,6.7615232
-0.041048903,0.059314214,6.648832
-0.040364753,0.058325645,6.5380177
-0.039692007,0.05735355,6.4290514
-0.039030477,0.056397658,6.3218994
-0.038379967,0.0554577,6.2165346
-0.0377403,0.054533407,6.112926
-0.037111297,0.053624514,6.0110435
-0.036492776,0.052730773,5.91086
-0.035884563,0.05185193,5.8123455
-0.035286486,0.05098773,5.715473
-0.03469838,0.050137937,5.6202154
-0.03412007,0.049302302,5.5265446
-0.033551406,0.048480604,5.4344363
-0.032992214,0.047672592,5.3438616
-0.032442346,0.046878047,5.254797
-0.03190164,0.04609675,5.1672177
-0.031369943,0.04532847,5.081097
-0.030847112,0.044572994,4.9964123
-0.030332994,0.04383011,4.913139
-0.029827444,0.043099616,4.831253
-0.029330319,0.04238129,4.7507324
-0.028841482,0.041674934,4.6715536
-0.02836079,0.04098035,4.5936947
-0.02788811,0.040297344,4.5171323
-0.02742331,0.03962572,4.4418473
-0.026966253,0.038965292,4.3678164
-0.02273067,0.034400024,4.238227
-0.018554386,0.029897273,4.0538363
-0.01443608,0.025455737,3.8153825
-0.010374463,0.02107412,3.5235877
-0.0063682897,0.01675125,3.1791573
-0.002416344,0.012485902,2.7827802
0.0014825551,0.008276915,2.3351302
0.005329554,0.0041231555,1.8368652
0.009125768,2.3508072E-5,1.288629
0.012872282,-0.004023067,0.6910511
0.016570156,-0.008017668,0.101538755
0.02022041,-0.011961285,-0.48008317
0.02382405,-0.015854923,-1.0539852
0.027382046,-0.019699566,-1.6203331
0.030895347,-0.023496158,-2.1792874
0.034364875,-0.027245633,-2.7310057
0.037791528,-0.030948885,-3.2756402
0.04117618,-0.034606807,-3.8133395
0.04451969,-0.03822027,-4.3442483
0.04782289,-0.04179012,-4.868507
0.051086582,-0.045317158,-5.386254
0.054311562,-0.048802193,-5.8976216
0.0574986,-0.052246023,-6.4027395
0.060648456,-0.05564945,-6.9017353
0.06376186,-0.059013177,-7.394733
0.06281087,-0.062292147,-7.8214235
0.061875757,-0.06552971,-8.182687
0.060956262,-0.06872654,-8.479387
0.06005213,-0.0718833,-8.712375
0.059163086,-0.075000666,-8.882478
0.058288883,-0.07807932,-8.990512
0.057429295,-0.0811199,-9.037277
0.056584053,-0.08412303,-9.02356
0.055752914,-0.087089345,-8.950128
0.054935656,-0.090019464,-8.817734
0.054132048,-0.09291401,-8.687551
0.053341858,-0.09577355,-8.559543
0.05256486,-0.09859863,-8.433672
0.05180084,-0.10138996,-8.309902
0.05093749,-0.09970012,-8.186519
0.050088532,-0.09803846,-8.063514
0.04925372,-0.09640448,-7.9408793
0.048432827,-0.09479774,-7.8186116
0.047625612,-0.093217775,-7.6967015
0.046831854,-0.09166415,-7.575145
0.04605132,-0.09013641,-7.4539337
0.0452838,-0.08863413,-7.333063
0.044529073,-0.0871569,-7.2125263
0.04378692,-0.08570429,-7.0923166
0.04305714,-0.08427588,-6.9741116
0.04233952,-0.08287129,-6.857877
0.04163386,-0.08149011,-6.7435784
0.040939964,-0.080131926,-6.6311855
0.04025763,-0.0787964,-6.520666
0.03958667,-0.07748313,-6.4119887
0.038926896,-0.076191746,-6.305122
0.03827811,-0.074921876,-6.2000365
0.037640143,-0.07367318,-6.0967026
0.037012808,-0.072445296,-5.9950914
0.03639593,-0.071237884,-5.8951726
0.03578933,-0.07005059,-5.79692
0.035192844,-0.068883084,-5.700305
0.034606297,-0.06773504,-5.6053
0.03402953,-0.06660613,-5.5118785
0.033462368,-0.06549601,-5.420014
0.032904666,-0.064404406,-5.3296804
0.032356255,-0.063331,-5.240853
0.03181698,-0.062275488,-5.153506
0.0312867,-0.06123756,-5.0676136
0.030765256,-0.060216937,-4.983154
0.0302525,-0.05921332,-4.900101
0.029748293,-0.058226425,-4.8184323
0.02925249,-0.057255983,-4.738126
0.028764946,-0.05630172,-4.6591573
0.028285531,-0.055363353,-4.581504
0.027814107,-0.054440625,-4.505146
0.027350537,-0.053533282,-4.4300604
0.026894696,-0.052641056,-4.356226
0.02644645,-0.05176371,-4.283622
0.026005678,-0.050900985,-4.2122283
0.025572248,-0.050052628,-4.1420245
0.025146043,-0.049218416,-4.0729914
0.024726944,-0.048398115,-4.005108
0.024314828,-0.04759148,-3.938356
0.02390958,-0.046798293,-3.872717
0.023511088,-0.046018314,-3.8081717
0.023119235,-0.045251336,-3.744702
0.022733916,-0.044497155,-3.68229
0.022355016,-0.04375553,-3.6209188
0.017873487,-0.042975347,-3.498936
0.013469449,-0.042211216,-3.3173938
0.009141426,-0.0414628,-3.0773246
0.004887994,-0.040729966,-2.7797403
7.0772966E-4,-0.040012375,-2.425634
-0.003400751,-0.039309837,-2.0159788
-0.0074388226,-0.038622063,-1.5517302
-0.011407828,-0.037948847,-1.0338242
-0.015309101,-0.03728992,-0.463179
-0.019143935,-0.036645096,0.15930524
-0.022913624,-0.036014095,0.7711121
-0.026652718,-0.030966314,1.3729447
-0.030315304,-0.02601943,1.9647955
-0.03390282,-0.021171601,2.5466576
-0.03741668,-0.016421128,3.1185238
-0.04085828,-0.011766274,3.6803868
-0.04422901,-0.007205375,4.2322392
-0.047530223,-0.0027367433,4.774076
-0.050763275,0.0016412894,5.3058887
-0.053929497,0.0059303283,5.8276715
-0.05301068,0.010141659,6.279127
-0.052107174,0.014269463,6.660944
-0.051218737,0.018315125,6.9744954
-0.0503451,0.022280058,7.22113
-0.049486022,0.02616558,7.40217
-0.048641264,0.029972982,7.518915
-0.047810588,0.033703614,7.5726385
-0.046993755,0.03735876,7.564592
-0.046190538,0.040939633,7.496001
-0.0454007,0.04444752,7.368068
-0.044624034,0.047883596,7.2422686
-0.043860313,0.05124907,7.1185656
-0.043109316,0.054545116,6.996924
-0.04237084,0.057772916,6.8773103
-0.04164467,0.06093359,6.7596903
-0.040930606,0.06402825,6.6440306
-0.040228438,0.06705801,6.5302978
-0.039537977,0.07002397,6.4184613
-0.03885902,0.07292714,6.3084884
-0.03819138,0.075768605,6.2003493
-0.04142136,0.07854297,6.1523094
-0.044585187,0.08125646,6.1631823
-0.04380883,0.08391959,6.1736746
-0.043045413,0.08652504,6.183793
-0.042294726,0.08907375,6.1935434
-0.041556545,0.09156666,6.2029324
-0.040830676,0.09400473,6.2119665
-0.0401169,0.09638883,6.2206507
-0.039415024,0.0987199,6.2289906
-0.03872485,0.100998834,6.2369924
-0.038046177,0.10322644,6.1863647
-0.037378825,0.10540362,6.078269
-0.03672259,0.107531205,5.971976
-0.036077302,0.10961003,5.8674536
-0.035442766,0.111640915,5.7646747
-0.03481881,0.11362464,5.6636086
-0.03420525,0.11556199,5.5642276
-0.03360193,0.11745377,5.466503
-0.033008657,0.11930071,5.3704076
-0.03242528,0.12110356,5.275914
-0.03185163,0.122863084,5.182996
-0.031287543,0.12457999,5.091626
-0.03073286,0.12625499,5.00178
-0.030187426,0.12788877,4.913432
-0.029651089,0.12948205,4.826557
-0.029123692,0.13103549,4.741131
-0.02860509,0.13254975,4.657128
-0.028095135,0.13402551,4.574526
-0.027593685,0.13546339,4.4933014
-0.027100598,0.13686402,4.413431
-0.026615735,0.13822803,4.334893
-0.026138958,0.13955607,4.257664
-0.025670134,0.1408487,4.181723
-0.025209127,0.14210653,4.1070485
-0.024755811,0.14333014,4.0336194
-0.02431006,0.14452012,3.9614153
-0.023871744,0.14567702,3.890415
-0.023440743,0.1468014,3.8205988
-0.02301693,0.1478938,3.7519476
-0.022600193,0.14895478,3.6844416
-0.02219041,0.14998484,3.6180618
-0.021787468,0.15098454,3.5527892
-0.021391252,0.1519544,3.4886062
-0.021001654,0.15289488,3.4254937
-0.020618558,0.15380652,3.363435
-0.020241864,0.15468979,3.3024123
-0.019871462,0.1555452,3.242408
-0.01950725,0.15637322,3.1834054
-0.019149126,0.15717432,3.1253884
-0.01879699,0.15794897,3.0683405
-0.018450746,0.15869763,3.0122454
-0.018110296,0.15942076,2.957088
-0.01777554,0.1601188,2.9028523
-0.017446395,0.1607922,2.8495235
-0.017122766,0.16144142,2.7970862
-0.016804563,0.1620669,2.7455268
-0.0164917,0.16266908,2.6948307
-0.016184095,0.16324838,2.6449833
-0.015881661,0.16380525,2.5959713
-0.015584322,0.16434015,2.5477812
-0.015291994,0.1648535,2.5003998
-0.015004607,0.16534576,2.4538145
-0.018207956,0.16588442,2.4603007
-0.021351667,0.1664236,2.5188797
-0.024438513,0.16696659,2.628616
-0.027471399,0.1675167,2.7886188
-0.030453328,0.16807733,2.9980428
-0.03338738,0.16865182,3.2560923
-0.03627664,0.16924319,3.5620167
-0.035610843,0.16964674,3.8624146
-0.034958042,0.17004085,4.157406
-0.034375407,0.16720682,4.4479675
-0.033802483,0.16442005,4.6818852
-0.033239108,0.16167971,4.8601966
-0.03268512,0.15898506,4.983896
-0.03214037,0.15633531,5.0539303
-0.031604696,0.1537297,5.071202
-0.031077953,0.15116756,5.03656
-0.030559985,0.14864808,4.9508104
-0.030050654,0.14617063,4.867407
-0.02954981,0.14373446,4.7862835
-0.029057313,0.14133887,4.7065125
-0.028573025,0.13898323,4.6280704
-0.028096806,0.13666683,4.5509357
-0.027628524,0.13438906,4.475087
-0.027168052,0.13214925,4.400502
-0.02671525,0.12994675,4.3271604
-0.026269997,0.12778097,4.255041
-0.025832163,0.1256513,4.184124
-0.025401626,0.123557106,4.1143885
-0.024978263,0.121497825,4.0458155
-0.024561962,0.119472854,3.9783852
-0.024152596,0.11748164,3.9120789
-0.02375005,0.11552361,3.8468773
-0.023354216,0.11359822,3.7827628
-0.02296498,0.11170492,3.7197165
-0.022582231,0.10984317,3.6577213
-0.022205861,0.10801245,3.596759
-0.021835765,0.10621224,3.536813
-0.021471834,0.10444204,3.4778664
-0.02111397,0.102701336,3.4199018
-0.02076207,0.10098965,3.3629036
-0.020416034,0.09930649,3.3068552
-0.020075768,0.09765138,3.251741
-0.019741172,0.09602385,3.1975455
-0.019412152,0.09442345,3.1442528
-0.019088617,0.09284973,3.0918484
-0.018770473,0.09130224,3.0403178
-0.01845763,0.08978053,2.9896455
-0.018150004,0.08828419,2.9398181
-0.017847504,0.08681279,2.8908215
-0.017550046,0.08536591,2.842641
-0.017257545,0.08394314,2.7952638
-0.01696992,0.08254409,2.7486758
-0.016687088,0.081168346,2.7028646
-0.01640897,0.079815544,2.657817
-0.016135488,0.07848529,2.61352
-0.015866565,0.0771772,2.5699615
-0.015602122,0.07589091,2.527129
-0.015342087,0.074626066,2.4850101
-0.0150863845,0.073382296,2.4435933
-0.014834944,0.07215926,2.4028668
-0.014587695,0.0709566,2.362819
-0.014344567,0.069773994,2.3234386
-0.01410549,0.06861109,2.2847147
-0.0138704,0.06746757,2.2466362
-0.0136392275,0.06634311,2.2091923
-0.016922629,0.06545787,2.2250333
-0.020163156,0.06459587,2.2934487
-0.023361763,0.0637558,2.4137437
-0.026519345,0.06293644,2.5852385
-0.02963675,0.06213673,2.8072655
-0.032714788,0.061355703,3.0791717
-0.035754215,0.060592446,3.4003162
-0.038755774,0.059846196,3.7700706
-0.041720185,0.05911623,4.1878176
-0.041024853,0.058130957,4.598602
-0.0403411,0.05716211,4.949879
-0.03974344,0.052876808,5.2435837
-0.039159648,0.048664212,5.4805512
-0.038589243,0.04452204,5.6615996
-0.038031753,0.04044811,5.7875247
-0.037486747,0.03644034,5.859104
-0.0369538,0.032496747,5.877098
-0.036432493,0.028615411,5.842249
-0.035922457,0.024794586,5.7552834
-0.035423327,0.021032564,5.6712604
-0.034934744,0.017327722,5.590164
-0.034456383,0.0136785265,5.5108585
-0.033987936,0.010083509,5.433283
-0.033421468,0.009915447,5.3557663
-0.032864444,0.009750191,5.2782574
-0.032316703,0.009587686,5.2007065
-0.031778093,0.009427889,5.123071
-0.031248458,0.009270756,5.04531
-0.03072765,0.0091162445,4.9673886
-0.030215522,0.008964309,4.889271
-0.02971193,0.008814899,4.8109283
-0.029216731,0.008667986,4.732334
-0.028729785,0.00852352,4.6534615
-0.028250957,0.008381462,4.5759044
-0.027780108,0.008241773,4.499639
-0.027317107,0.008104412,4.4246454
-0.026861822,0.007969339,4.350901
-0.026414124,0.007836517,4.278386
-0.025973888,0.007705911,4.20708
-0.02554099,0.007577483,4.136962
-0.025115307,0.0074511925,4.068012
-0.024696719,0.007327008,4.000212
-0.024285106,0.0072048903,3.9335418
-0.023880355,0.007084807,3.8679829
-0.019952087,0.003450338,3.7505624
-0.016095003,-1.12112364E-4,3.582231
-0.012306551,-0.0036052067,3.363902
-0.008584253,-0.0070315837,3.0964541
-0.0049256682,-0.010393842,2.7807307
-0.0013284247,-0.013694541,2.4175422
0.0022097668,-0.016936159,2.007666
0.005691131,-0.020121137,1.5518484
0.009117798,-0.023251811,1.0508047
0.012491798,-0.026330432,0.5052224
0.01581508,-0.02935915,-0.031285092
0.019089486,-0.03234,-0.55905235
0.022316776,-0.035274968,-1.0784024
0.02549861,-0.038165886,-1.5896454
0.028636558,-0.04101452,-2.0930789
0.03173211,-0.043822505,-2.5889864
0.03478666,-0.046591423,-3.07764
0.037801545,-0.04932273,-3.5592966
0.040778015,-0.05201783,-4.0341997
0.04371725,-0.05467802,-4.5025816
0.046620373,-0.05730452,-4.9646606
0.049488436,-0.059898507,-5.4206448
0.052322447,-0.062461063,-5.8707294
0.055123363,-0.06499322,-6.315101
0.057892077,-0.067495935,-6.753935
0.06062945,-0.06997016,-7.187394
0.063336305,-0.072416745,-7.6156383
0.06601341,-0.074836515,-8.038817
0.068661526,-0.07723025,-8.45707
0.071281336,-0.079598695,-8.870531
0.07387355,-0.08194255,-9.279329
0.07643879,-0.084262505,-9.683583
0.07897771,-0.086559184,-10.083412
0.0814909,-0.08883319,-10.478926
0.08397892,-0.091085106,-10.870228
0.086442344,-0.09331552,-11.2574215
0.088881716,-0.09552492,-11.640602
0.09129753,-0.09771385,-12.019865
0.093690306,-0.099882804,-12.395296
0.096060514,-0.10203223,-12.766984
0.09828116,-0.10034083,-13.133099
0.10047052,-0.09867803,-13.493575
0.102629356,-0.09704338,-13.848349
0.104758434,-0.09543638,-14.197361
0.10685847,-0.09385657,-14.540556
0.108930156,-0.09230351,-14.8778715
0.11097423,-0.09077672,-15.209261
0.112991326,-0.08927577,-15.534666
0.114982136,-0.08780022,-15.854044
0.11694727,-0.08634964,-16.167347
0.11888739,-0.08492361,-16.47644
0.12080307,-0.08352172,-16.781427
0.12269495,-0.082143545,-17.08241
0.12456355,-0.08078869,-17.37949
0.12640947,-0.07945676,-17.672752
0.12823324,-0.078147374,-17.962297
0.13003543,-0.07686014,-18.248219
0.13181654,-0.07559468,-18.530598
0.13357705,-0.07435064,-18.809523
0.13531747,-0.07312765,-19.085073
0.1370383,-0.07192535,-19.357338
0.13874002,-0.070743375,-19.62639
0.14042303,-0.06958141,-19.892311
0.14208779,-0.068439096,-20.155174
0.14373474,-0.0673161,-20.415052
0.14536431,-0.0662121,-20.67202
0.14697692,-0.06512678,-20.926142
0.14857289,-0.0640598,-21.177488
0.15015268,-0.063010864,-21.426125
0.15171665,-0.061979666,-21.672112
0.15326515,-0.060965903,-21.915512
0.15479855,-0.059969284,-22.156391
0.15631717,-0.058989506,-22.394804
0.15371189,-0.058006346,-22.569164
0.15115002,-0.057039574,-22.680395
0.14863086,-0.056088917,-22.729393
0.14615367,-0.0551541,-22.717045
0.14371778,-0.054234866,-22.644217
0.14132248,-0.05333095,-22.511763
0.1389671,-0.0524421,-22.320518
0.136651,-0.05156807,-22.071308
0.13437347,-0.0507086,-21.76493
0.13213392,-0.049863458,-21.402184
0.12993167,-0.049032398,-21.045479
0.12776616,-0.04821519,-20.694721
0.12563673,-0.047411606,-20.34981
0.12354278,-0.04662141,-20.010647
0.12148373,-0.045844387,-19.677134
0.119459,-0.04508031,-19.349184
0.117468014,-0.044328976,-19.0267
0.11551022,-0.043590162,-18.709585
0.11358505,-0.042863656,-18.39776
0.11169197,-0.042149264,-18.09113
0.10983043,-0.04144677,-17.789612
0.10799993,-0.040755995,-17.493116
0.106199935,-0.04007673,-17.201567
0.10442994,-0.039408784,-16.914871
0.10268944,-0.038751967,-16.63296
0.10097795,-0.038106102,-16.355743
0.09929499,-0.037471,-16.083147
0.09764007,-0.036846485,-15.815095
0.096012734,-0.036232375,-15.551511
0.09441253,-0.0356285,-15.292318
0.09283899,-0.035034698,-15.037447
0.09129167,-0.034450784,-14.786824
0.089770146,-0.0338766,-14.540379
0.08827397,-0.033311997,-14.298038
0.086802736,-0.032756794,-14.059736
0.08535602,-0.032210846,-13.825407
0.08393342,-0.031674,-13.594984
0.08253453,-0.0311461,-13.368401
0.08115896,-0.030626995,-13.145594
0.079806305,-0.030116547,-12.926501
0.0784762,-0.029614603,-12.71106
0.077168256,-0.029121028,-12.4992075
0.075882114,-0.028635677,-12.290887
0.074617416,-0.028158415,-12.086039
0.073373795,-0.027689107,-11.884604
0.0721509,-0.027227623,-11.686528
0.070948385,-0.02677383,-11.491753
0.06976591,-0.026327599,-11.300222
0.06860315,-0.025888804,-11.111886
0.067459755,-0.025457326,-10.926688
0.066335425,-0.025033036,-10.744577
0.065229826,-0.02461582,-10.565501
0.064142674,-0.024205556,-10.38941
0.063073635,-0.02380213,-10.216251
0.0620224,-0.023405429,-10.04598
0.0609887,-0.023015337,-9.878548
0.059972223,-0.022631748,-9.713906
0.058972694,-0.022254553,-9.552007
0.05798982,-0.021883642,-9.392807
0.05702332,-0.021518916,-9.236261
0.056072935,-0.021160267,-9.082324
0.055138383,-0.020807596,-8.930951
0.054219406,-0.020460803,-8.782103
0.05331575,-0.02011979,-8.635734
0.05242715,-0.01978446,-8.491806
0.05155336,-0.01945472,-8.350275
0.05069413,-0.019130474,-8.211104
0.049849223,-0.018811634,-8.074252
0.049018398,-0.018498104,-7.939681
0.04820142,-0.018189805,-7.8073525
0.047398057,-0.01788664,-7.67723
0.046608098,-0.01758853,-7.549275
0.0458313,-0.017295387,-7.423454
0.045067437,-0.017007131,-7.2997284
0.044316307,-0.01672368,-7.178066
0.039479114,-0.01642524,-6.996952
0.034733295,-0.01613201,-6.7575397
0.030077282,-0.015843911,-6.4609604
0.0255095,-0.015560864,-6.108327
0.021028329,-0.015282784,-5.700731
0.016632255,-0.0150096,-5.239244
0.012319724,-0.014741235,-4.7249184
0.008089241,-0.014477611,-4.1587873
0.0039393427,-0.014218658,-3.5418658
-1.3146401E-4,-0.013964306,-2.8751493
-1.2927056E-4,-0.013731567,-2.2810237
-1.271089E-4,-0.013502707,-1.7581174
-1.2499491E-4,-0.013277662,-1.3050833
-1.2291272E-4,-0.013056368,-0.92059714
-1.2086232E-4,-0.012838762,-0.6033592
-1.18843716E-4,-0.0126247825,-0.35209274
-1.1685689E-4,-0.01241437,-0.16554403
-1.1490186E-4,-0.012207464,-0.042481903
-1.1299451E-4,-0.012004006,0.018303156
-1.11118956E-4,-0.011803939,0.01799798
-1.0925929E-4,-0.011607206,0.017697813
-1.0743141E-4,-0.011413753,0.017402649
-1.0563533E-4,-0.011223525,0.017112255
-1.03871025E-4,-0.011036466,0.01682663
-1.0213852E-4,-0.010852525,0.016545774
-1.004378E-4,-0.010671649,0.016269684
-9.876887E-5,-0.010493789,0.015998363
-9.711584E-5,-0.010318892,0.015731573
-9.5494586E-5,-0.01014691,0.015469074
-9.390513E-5,-0.009977796,0.015210867
-9.2347465E-5,-0.009811499,0.0149571905
-9.080569E-5,-0.009647974,0.014707804
-8.92957E-5,-0.0094871735,0.014462709
-8.7801614E-5,-0.0093290545,0.014221666
1.4909108E-4,-0.013053666,0.010453223
3.8310688E-4,-0.016727572,0.0032000544
6.1419804E-4,-0.020351691,-0.007494451
8.424282E-4,-0.023926934,-0.02158761
0.0010677973,-0.027454149,-0.039036993
0.0012903214,-0.030934215,-0.05980038
0.001510032,-0.03436799,-0.08383608
0.0017269293,-0.037756264,-0.111102104
0.0019410452,-0.041099865,-0.14155722
0.002152427,-0.044399597,-0.17516065
0.0023610273,-0.04765624,-0.2083397
0.0025669415,-0.05087054,-0.2410972
0.0027701377,-0.05404326,-0.27343628
0.0027239642,-0.05314254,-0.30165935
0.0026785692,-0.05225683,-0.32582092
0.0026339213,-0.051385883,-0.34597492
0.0025900204,-0.050529454,-0.36217475
0.0025468508,-0.049687292,-0.37447357
0.0025043965,-0.048859175,-0.38292384
0.0024626574,-0.048044857,-0.38757727
0.0024216175,-0.04724411,-0.38848612
0.0023812612,-0.046456706,-0.38570094
0.0023415724,-0.04568243,-0.37927246
0.0023025512,-0.044921055,-0.3729513
0.0022641819,-0.04417237,-0.3667355
0.0022264482,-0.043436162,-0.3606234
0.0021893342,-0.042712227,-0.35461307
0.0021528404,-0.042000357,-0.34870294
0.0021169663,-0.041300353,-0.34289145
0.0020816803,-0.040612016,-0.3371768
0.0020469825,-0.039935146,-0.33155727
0.0020128726,-0.03926956,-0.32603145
-0.0020718416,-0.03855934,-0.25983027
-0.0060798167,-0.03786202,-0.13409472
-0.010012516,-0.037177388,0.050055712
-0.013871256,-0.036505263,0.29152128
-0.017657487,-0.035845432,0.58922356
-0.02137254,-0.035197724,0.94210446
-0.02501777,-0.034561947,1.3491254
-0.02859451,-0.033937916,1.8092682
-0.032104038,-0.033325456,2.3215337
-0.035547655,-0.0327244,2.8849416
-0.038734514,-0.036142115,3.4348817
-0.04187166,-0.03951288,3.9717593
-0.044960413,-0.042837832,4.495978
-0.048002046,-0.04611802,5.0079393
-0.05099779,-0.049354542,5.5080442
-0.053948857,-0.052548453,5.996689
-0.056856435,-0.055700697,6.4742694
-0.059721652,-0.058812335,6.941176
-0.06254563,-0.06188425,7.3978
-0.06532945,-0.06491745,7.8445263
-0.068074174,-0.06791277,8.284621
-0.070780836,-0.07087113,8.71826
-0.073450446,-0.073793344,9.145611
-0.07608397,-0.07668031,9.566839
-0.07868233,-0.07953274,9.982107
-0.08124649,-0.08235154,10.391571
-0.083777316,-0.08513735,10.795384
-0.08627567,-0.08789102,11.193693
-0.0887424,-0.09061321,11.586646
-0.09117834,-0.09330465,11.974379
-0.0935843,-0.09596599,12.35703
-0.09602735,-0.09433923,12.735728
-0.098427676,-0.09274218,13.110388
-0.10078618,-0.091174334,13.48092
-0.103103764,-0.08963518,13.847242
-0.105381325,-0.088124305,14.209265
-0.107619695,-0.08664119,14.5669
-0.10981976,-0.08518542,14.920062
-0.111982346,-0.08375649,15.268661
-0.11410828,-0.08235404,15.61261
-0.11619838,-0.080977544,15.951821
-0.11825344,-0.0796266,16.285213
-0.12027425,-0.07830081,16.612913
-0.12226159,-0.07699972,16.935043
-0.1242162,-0.07572291,17.251728
-0.12613885,-0.07447002,17.563091
-0.12803026,-0.073240615,17.86925
-0.12989116,-0.07203431,18.17032
-0.13172226,-0.07085069,18.466421
-0.13352424,-0.06968942,18.75766
-0.1352978,-0.06855008,19.044153
-0.13704363,-0.06743231,19.326004
-0.13876234,-0.06633576,19.603325
-0.14045464,-0.065260045,19.87622
-0.1421211,-0.064204805,20.144793
-0.14376241,-0.063169725,20.40915
-0.14537914,-0.06215442,20.669378
-0.14697193,-0.061158586,20.92559
-0.14854132,-0.060181856,21.17788
-0.15008792,-0.05922389,21.426332
-0.15161231,-0.05828441,21.671051
-0.153115,-0.05736304,21.91212
-0.15056308,-0.05640699,22.089134
-0.1480537,-0.055466875,22.20312
-0.14558615,-0.05454243,22.255096
-0.1431597,-0.053633388,22.246056
-0.14077371,-0.0527395,22.176973
-0.13842748,-0.051860508,22.048805
-0.13612035,-0.05099617,21.862492
-0.13385169,-0.05014623,21.618948
-0.13162082,-0.04931046,21.319075
-0.12942713,-0.048488617,20.963758
-0.12727001,-0.047680475,20.61436
-0.12514885,-0.0468858,20.27079
-0.12306304,-0.046104368,19.932941
-0.12101199,-0.04533596,19.600725
-0.11899512,-0.044580363,19.274046
-0.11701187,-0.043837357,18.952812
-0.11506167,-0.04310673,18.636932
-0.11314397,-0.042388286,18.326319
-0.111258246,-0.041681815,18.02088
-0.109403946,-0.04098712,17.720531
-0.10758054,-0.040304,17.42519
-0.10578753,-0.039632265,17.134768
-0.10402441,-0.038971726,16.849188
-0.10229067,-0.038322195,16.56837
-0.100585826,-0.037683494,16.29223
-0.09890939,-0.037055437,16.020693
-0.09726091,-0.036437847,15.753681
-0.09563989,-0.035830546,15.491121
-0.09404589,-0.03523337,15.232936
-0.09247846,-0.034646146,14.979053
-0.09093715,-0.03406871,14.729402
-0.08942153,-0.033500902,14.4839115
-0.08793117,-0.032942556,14.242513
-0.08646565,-0.03239351,14.005137
-0.085024565,-0.03185362,13.771719
-0.08360748,-0.031322725,13.54219
-0.086247526,-0.030853176,13.376989
-0.08884764,-0.030393919,13.275105
-0.091408715,-0.029944729,13.235547
-0.093931556,-0.02950546,13.257344
-0.096416995,-0.029075917,13.339541
-0.09886582,-0.02865591,13.481207
-0.101278804,-0.02824526,13.681421
-0.10365673,-0.027843801,13.939288
-0.106000334,-0.027451372,14.253924
-0.10831037,-0.027067788,14.624468
-0.11058757,-0.026692891,14.989568
-0.11283261,-0.02632653,15.349341
-0.115046196,-0.025968496,15.703905
-0.11722903,-0.025618672,16.053364
-0.11938178,-0.025276907,16.397837
-0.12150505,-0.02494301,16.737427
-0.12359954,-0.024616862,17.072237
-0.12566584,-0.024298294,17.402374
-0.12770458,-0.023987167,17.727938
-0.12971634,-0.023683302,18.04903
-0.13170175,-0.023386622,18.365742
-0.12950672,-0.02299684,18.61585
-0.12734827,-0.022613557,18.800383
-0.1252258,-0.022236666,18.920334
-0.1231387,-0.021866051,18.97669
-0.12108639,-0.021501621,18.97041
-0.11906829,-0.021143261,18.902443
-0.11708382,-0.020790879,18.77371
-0.11513242,-0.020444361,18.585127
-0.11321355,-0.02010363,18.337585
-0.11132666,-0.019768571,18.031958
-0.10947121,-0.019439094,17.731428
-0.10764669,-0.019115115,17.435902
-0.105852574,-0.018796524,17.145302
-0.10408837,-0.018483242,16.859547
-0.10235356,-0.018175188,16.578556
-0.10064767,-0.01787227,16.302246
-0.098970205,-0.017574405,16.030542
-0.0973207,-0.0172815,15.76337
-0.09569869,-0.016993474,15.500645
-0.09410371,-0.01671025,15.242302
-0.09253531,-0.016431745,14.988262
-0.090993054,-0.016157882,14.738458
-0.0894765,-0.01588858,14.492817
-0.08798523,-0.015623776,14.25127
-0.08651881,-0.015363376,14.013748
-0.08507683,-0.015107314,13.780185
-0.08365889,-0.014855528,13.550515
-0.08226457,-0.014607938,13.324675
-0.0808935,-0.014364465,13.102596
-0.079545274,-0.014125061,12.88422
-0.07821952,-0.013889646,12.669482
-0.07691586,-0.013658158,12.458325
-0.07563393,-0.013430516,12.250687
-0.074373364,-0.013206673,12.046509
-0.07313381,-0.012986565,11.845732
-0.07191491,-0.012770128,11.648304
-0.07487097,-0.012657388,11.516486
-0.07778516,-0.0125485575,11.449294
-0.08065836,-0.0124435425,11.445767
-0.08349137,-0.012342294,11.504959
-0.08628497,-0.012244701,11.625941
-0.08903995,-0.0121506695,11.807803
-0.0917571,-0.01206015,12.049648
-0.09443714,-0.011973032,12.350606
-0.09286319,-0.011773475,12.646545
-0.09131547,-0.011577257,12.937554
-0.08979355,-0.011384296,13.161394
-0.08829699,-0.011194563,13.319072
-0.08682537,-0.011007993,13.411577
-0.08537828,-0.010824521,13.43988
-0.08395531,-0.010644118,13.404935
-0.082556054,-0.010466719,13.307676
-0.08118012,-0.010292276,13.149022
-0.079827115,-0.010120741,12.929872
-0.078496665,-0.009952068,12.714375
-0.07718839,-0.009786208,12.502468
-0.07590191,-0.009623098,12.294093
-0.074636884,-0.009462706,12.089191
-0.073392935,-0.009305,11.887704
-0.07216971,-0.009149917,11.689575
-0.070966884,-0.0089974245,11.49475
-0.06978411,-0.008847475,11.303171
-0.06862104,-0.008700022,11.114783
-0.06747735,-0.008555015,10.929539
-0.06635273,-0.0084124245,10.747379
-0.06524685,-0.0082722185,10.568255
-0.06415941,-0.008134349,10.392118
-0.063090086,-0.007998784,10.218917
-0.06203858,-0.007865476,10.048602
-0.061004605,-0.0077343783,9.881124
-0.055778537,-0.0074915886,9.653299
-0.05064775,-0.0072547277,9.366254
-0.045610555,-0.0070237797,9.021097
-0.04066526,-0.0067986012,8.618916
-0.035810184,-0.006579145,8.160776
-0.03104372,-0.006365363,7.647731
-0.026364278,-0.006157144,7.0808034
-0.021770239,-0.00595444,6.4610057
-0.017260043,-0.005757157,5.789327
-0.012832212,-0.0055652778,5.0667415
-0.008485174,-0.0053786756,4.357342
-0.004217466,-0.0051973183,3.6608872
-2.7608872E-5,-0.005021127,2.9771428
0.004085811,-0.0048500537,2.3058767
0.008124288,-0.004684003,1.6468595
0.012089149,-0.0045229434,0.9998666
0.015981793,-0.004366811,0.3646755
0.019803612,-0.0042155106,-0.25893226
0.023555906,-0.004069026,-0.87117136
0.027240014,-0.0039272625,-1.4722548
0.030857245,-0.003790172,-2.0623913
0.034408864,-0.0036577065,-2.641786
0.03789614,-0.003529803,-3.2106423
0.04132031,-0.0034063817,-3.7691598
0.044682607,-0.0032873948,-4.317535
0.04798422,-0.003172795,-4.855961
0.051226344,-0.0030625344,-5.3846283
0.054410156,-0.0029565333,-5.9037266
0.057536818,-0.0028547605,-6.4134407
0.060607433,-0.0027571518,-6.913952
0.06362316,-0.0026636124,-7.4054413
0.06669674,0.0016751607,-7.889759
0.0697029,0.0059245587,-8.36686
0.07264291,0.010086091,-8.8366995
0.07551796,0.014161348,-9.29923
0.07832926,0.018151792,-9.754405
0.081078015,0.022058988,-10.20218
0.08376537,0.025884341,-10.6425085
0.086392514,0.02962942,-11.075345
0.0850189,0.03327469,-11.441517
0.083668165,0.03684597,-11.742192
0.082339935,0.040344406,-11.976839
0.08103384,0.043771308,-12.146803
0.0797495,0.047127787,-12.253402
0.078486554,0.050415087,-12.297931
0.07724465,0.053634293,-12.281663
0.07602344,0.056786623,-12.205843
0.074822545,0.05987312,-12.0717
0.07364167,0.062894925,-11.880439
0.07248046,0.06585313,-11.692362
0.07133859,0.06874874,-11.507418
0.07021575,0.07158287,-11.325555
0.0691116,0.07435649,-11.146723
0.06802584,0.07707067,-10.970867
0.06695816,0.07972636,-10.797941
0.06590826,0.082324535,-10.627895
0.06487584,0.08486617,-10.46068
0.06386062,0.087352246,-10.296251
0.0628623,0.089783624,-10.134562
0.061880592,0.09216127,-9.975564
0.060915228,0.094486065,-9.819213
0.059965942,0.09675891,-9.665465
0.059032448,0.098980665,-9.514278
0.05811449,0.10115219,-9.365608
0.057211816,0.10327432,-9.219413
0.05632416,0.105347894,-9.075651
0.055451274,0.10737374,-8.934282
0.054592907,0.10935263,-8.795267
0.05374882,0.1112854,-8.658565
0.052918777,0.113172784,-8.524138
0.05210253,0.11501555,-8.391948
0.05129986,0.11681448,-8.261956
0.05051053,0.11857029,-8.134127
0.049734328,0.12028372,-8.008425
0.048971023,0.121955484,-7.884813
0.048220403,0.12358629,-7.763257
0.04748225,0.12517683,-7.6437216
0.04675636,0.12672779,-7.526174
0.046042517,0.12823986,-7.4105787
0.04534053,0.12971368,-7.2969055
0.04465019,0.13114993,-7.1851196
0.0439713,0.13254923,-7.0751915
0.04330367,0.13391224,-6.9670887
0.042647105,0.13523957,-6.8607802
0.041936323,0.13298558,-6.75526
0.04123738,0.13076915,-6.6505146
0.040550094,0.12858966,-6.546532
0.039874256,0.1264465,-6.4433007
0.039209686,0.12433906,-6.3408084
0.038556192,0.12226674,-6.239043
0.037913587,0.12022896,-6.137994
0.037281692,0.118225135,-6.037649
0.036660332,0.11625472,-5.9379992
0.03604933,0.11431714,-5.839033
0.035448506,0.11241185,-5.741716
0.034857698,0.110538326,-5.6460204
0.034276735,0.10869601,-5.55192
0.033705454,0.10688441,-5.459388
0.0331437,0.105103016,-5.3683987
0.032591306,0.10335129,-5.2789254
0.032048117,0.10162877,-5.1909432
0.03151398,0.09993496,-5.104428
0.030988745,0.09826937,-5.019354
0.030472267,0.09663155,-4.9356976
0.029964395,0.095021024,-4.8534355
0.029464988,0.09343734,-4.7725453
0.028973905,0.09188005,-4.6930027
0.028491009,0.09034872,-4.614786
0.028016157,0.0888429,-4.537873
0.027549224,0.08736219,-4.4622416
0.027090069,0.085906155,-4.3878713
0.026638567,0.08447438,-4.3147407
0.026194593,0.08306648,-4.242828
0.025758017,0.08168204,-4.172114
0.025328716,0.08032067,-4.1025786
0.024906572,0.07898199,-4.0342026
0.024491461,0.07766562,-3.9669662
0.027741004,0.07635188,-3.9557157
0.030932577,0.075062,-3.999462
0.034067545,0.07379559,-4.0972366
0.03714726,0.0725523,-4.2480946
0.04017306,0.07133176,-4.451112
0.043146268,0.0701336,-4.705387
0.046068188,0.068957455,-5.0100403
0.0489401,0.067802995,-5.3642106
0.051763274,0.06666983,-5.7670608
0.054538958,0.06555762,-6.2177734
0.05726838,0.06446604,-6.6606836
0.05995275,0.06339472,-7.095986
0.06259325,0.062343314,-7.5238724
0.06519105,0.061311506,-7.9445286
0.0677473,0.060298946,-8.358143
0.0702631,0.059305303,-8.764895
0.07273956,0.058330245,-9.164967
0.075125225,0.06091629,-9.557743
0.077461936,0.06345148,-9.943222
0.0797512,0.065937415,-10.321405
0.08199456,0.06837576,-10.692297
0.08419358,0.070768185,-11.05591
0.08634984,0.07311637,-11.412259
0.08846493,0.07542202,-11.761368
0.090540476,0.07768688,-12.103266
0.092578106,0.07991269,-12.437991
0.09457949,0.0821012,-12.765591
0.0965463,0.084254175,-13.086906
0.09848018,0.08637337,-13.402181
0.10038283,0.08846056,-13.711655
0.1022559,0.090517476,-14.0155735
0.10410105,0.09254584,-14.314187
0.10591991,0.09454735,-14.607737
0.10771408,0.096523665,-14.896474
0.10948514,0.09847638,-15.180643
0.1112346,0.10040705,-15.46049
0.11296391,0.10231716,-15.736258
0.11467449,0.1042081,-16.008183
0.116367675,0.1060812,-16.276493
0.118044704,0.10793771,-16.541422
0.11970679,0.10977881,-16.803185
0.121355005,0.11160552,-17.061995
0.12299037,0.11341884,-17.31805
0.124613844,0.11521966,-17.571548
0.12622626,0.117008775,-17.822664
0.12782839,0.11878688,-18.071573
0.12559918,0.12028376,-18.261099
0.12341227,0.12175668,-18.392166
0.121267065,0.123206615,-18.465656
0.11916306,0.12463462,-18.482431
0.11717701,0.12255738,-18.444485
0.115224056,0.12051476,-18.352522
0.11330366,0.11850618,-18.207222
0.11141527,0.11653107,-18.009243
0.109558344,0.11458888,-17.759224
0.10773238,0.11267907,-17.457783
0.10593683,0.110801086,-17.162848
0.10417121,0.1089544,-16.874235
0.10243503,0.10713849,-16.591753
0.10072778,0.105352856,-16.315224
0.09904898,0.10359697,-16.043303
0.09739817,0.10187035,-15.775913
0.09577487,0.10017251,-15.512981
0.09417861,0.09850297,-15.254433
0.09260897,0.09686125,-15.000193
0.09106549,0.095246896,-14.75019
0.08954773,0.093659446,-14.504354
0.088055275,0.09209846,-14.262614
0.08658768,0.09056349,-14.024903
0.08514455,0.0890541,-13.791155
0.08372548,0.08756986,-13.561302
0.082330056,0.08611037,-13.33528
0.08095789,0.08467519,-13.113026
0.07960859,0.08326394,-12.894476
0.07828178,0.0818762,-12.679567
0.07697708,0.0805116,-12.468242
0.07569413,0.07916974,-12.260436
0.07443257,0.077850245,-12.056097
0.07319202,0.07655274,-11.855162
0.07197215,0.07527686,-11.657576
0.07077262,0.07402225,-11.463283
0.06959307,0.072788544,-11.272228
0.06843319,0.071575396,-11.084357
0.06729264,0.070382476,-10.899618
0.06617109,0.069209434,-10.717958
0.06506824,0.06805594,-10.539326
0.06398377,0.06692167,-10.363669
0.063000254,0.06232486,-10.192185
0.06203858,0.057806898,-10.024883
0.061098203,0.053365793,-9.861774
0.060178638,0.0489997,-9.702866
0.05927937,0.044706717,-9.548159
0.058399882,0.040485017,-9.39766
0.057539724,0.036332853,-9.251367
0.056698386,0.03224852,-9.109276
0.055875406,0.02823031,-8.971383
0.055070322,0.024276638,-8.837682
0.054282673,0.020385878,-8.706918
0.05351204,0.01655655,-8.5790205
0.05275797,0.012787128,-8.453916
0.05202008,0.009076206,-8.331537
0.051297918,0.0054223537,-8.211816
0.05059111,0.0018242438,-8.094685
0.04989926,-0.0017194748,-7.980077
0.049222007,-0.005210042,-7.867932
0.04855895,-0.008648729,-7.758185
0.047909785,-0.012036697,-7.650777
0.047274113,-0.015375146,-7.5456486
0.046651635,-0.01866517,-7.442742
0.046042014,-0.02190787,-7.342003
0.045444943,-0.025104333,-7.2433763
0.044860084,-0.028255558,-7.146808
0.04428719,-0.031362567,-7.0522494
0.043725934,-0.03442631,-6.95965
0.043176055,-0.03744774,-6.868961
0.04263727,-0.04042777,-6.7801356
0.03825433,-0.04344076,-6.6353035
0.033950947,-0.04640128,-6.4354563
0.029724995,-0.04931095,-6.1815567
0.02557439,-0.052171372,-5.874542
0.021497091,-0.054984108,-5.515324
0.017491078,-0.05775068,-5.1047893
0.013554366,-0.06047259,-4.643797
0.0096850395,-0.063151285,-4.1331835
0.0058811903,-0.065788195,-3.5737605
0.002140951,-0.06838469,-2.966316
-0.001537474,-0.07094215,-2.3694386
-0.0051558735,-0.07346185,-1.7828363
-0.008715956,-0.07594504,-1.206222
-0.012355661,-0.0746926,-0.6372713
-0.015927592,-0.07346051,-0.07590099
-0.019433148,-0.072248444,0.47796237
-0.022873688,-0.071056046,1.0243832
-0.026250562,-0.06988298,1.5634172
-0.029565107,-0.068728924,2.0951114
-0.032818656,-0.067593545,2.6195056
-0.036012515,-0.06647652,3.1366315
-0.03914798,-0.06537754,3.646513
-0.042226348,-0.06429628,4.1491685
-0.045248862,-0.063232474,4.6425667
-0.048216786,-0.062185798,5.126905
-0.051131357,-0.061155956,5.6023784
-0.0539938,-0.060142677,6.069179
-0.056805316,-0.05914567,6.5275
-0.05956711,-0.05816466,6.9775305
-0.062280346,-0.057199378,7.419456
-0.0649462,-0.056249555,7.8534613
-0.06756579,-0.055314925,8.279729
-0.07014027,-0.05439524,8.698438
-0.072670765,-0.053490248,9.109766
-0.07515834,-0.05259971,9.51389
-0.07760409,-0.05172336,9.910981
-0.08000909,-0.050860986,10.301209
-0.082374364,-0.050012343,10.684745
-0.08470094,-0.04917721,11.061752
-0.08698984,-0.04835536,11.432396
-0.08924205,-0.04754657,11.796835
-0.09145853,-0.046750624,12.155224
-0.093640245,-0.045967326,12.507725
-0.095788114,-0.04519645,12.854484
-0.09790306,-0.044437807,13.195656
-0.09998598,-0.04369119,13.5313835
-0.10203771,-0.042956416,13.861812
-0.104059175,-0.04223328,14.187085
-0.10596685,-0.037853647,14.506073
-0.10783521,-0.033555713,14.818755
-0.10966552,-0.02933756,15.125107
-0.11145907,-0.025197243,15.425114
-0.1132172,-0.021132806,15.718767
-0.11494119,-0.017142324,16.006065
-0.11663236,-0.013223851,16.287004
-0.11829205,-0.009375457,16.561594
-0.11992159,-0.0055952272,16.829853
-0.121522285,-0.0018812378,17.091797
-0.12309551,0.0017684262,17.348728
-0.12464257,0.005355664,17.60084
-0.12616481,0.008882363,17.848328
-0.12766352,0.012350396,18.091396
-0.12914003,0.01576163,18.33024
-0.13059561,0.019117892,18.565056
-0.13203155,0.022420991,18.796043
-0.13344909,0.025672717,19.0234
-0.13484946,0.028874818,19.247318
-0.13623384,0.032029,19.467989
-0.13760337,0.035136957,19.685608
-0.1389592,0.038200315,19.900356
-0.14030237,0.041220658,20.11242
-0.14163393,0.044199545,20.321976
-0.14295484,0.04713843,20.529198
-0.14426605,0.050038762,20.734255
-0.14556842,0.05290193,20.937307
-0.14686278,0.05572923,21.138512
-0.14814991,0.058521964,21.33802
-0.14943047,0.0612813,21.535969
-0.15070519,0.0640084,21.732498
-0.15197468,0.066704355,21.92773
-0.15323949,0.06937022,22.121784
-0.15450008,0.0720069,22.314775
-0.155757,0.07461541,22.50681
-0.15701063,0.0771966,22.697979
-0.15439378,0.07590999,22.830359
-0.15182057,0.07464482,22.904728
-0.14929022,0.073400736,22.921833
-0.14680204,0.072177395,22.882406
-0.14435534,0.07097444,22.787157
-0.14194943,0.06979153,22.63678
-0.1395836,0.06862834,22.43194
-0.1372572,0.067484535,22.173296
-0.13496958,0.066359796,21.861486
-0.1327201,0.0652538,21.497128
-0.1305081,0.06416623,21.138842
-0.12833296,0.0630968,20.786528
-0.12619407,0.062045183,20.440086
-0.12409084,0.0610111,20.099417
-0.12202266,0.059994243,19.76443
-0.11998895,0.05899434,19.435022
-0.117989145,0.058011103,19.111105
-0.116022654,0.057044253,18.792587
-0.114088945,0.056093518,18.479376
-0.11218747,0.055158623,18.171387
-0.11031768,0.054239314,17.86853
-0.108479045,0.053335324,17.570723
-0.106671065,0.052446406,17.277874
-0.104893215,0.0515723,16.989912
-0.103144996,0.05071276,16.706747
-0.10142591,0.04986755,16.4283
-0.099735476,0.049036425,16.154497
-0.09807322,0.048219148,15.885256
-0.09643867,0.047415495,15.620502
-0.094831355,0.046625234,15.36016
-0.09325083,0.045848146,15.104156
-0.09169665,0.045084007,14.852421
-0.09016837,0.04433261,14.60488
-0.08866557,0.04359373,14.361466
-0.087187804,0.04286717,14.1221075
-0.08573468,0.042152714,13.88674
-0.08430576,0.041450165,13.655293
-0.082900666,0.040759332,13.427704
-0.08151899,0.040080007,13.20391
-0.08016034,0.039412007,12.983845
-0.078824334,0.038755137,12.767447
-0.077510595,0.038109224,12.554657
-0.07621875,0.03747407,12.345413
-0.07494844,0.0368495,12.139656
-0.0736993,0.03623534,11.937327
-0.07247098,0.03563142,11.738372
-0.07126312,0.035037566,11.542732
-0.0700754,0.034453608,11.350354
-0.06493913,0.033623576,11.101655
-0.059901748,0.03280815,10.797776
-0.054961514,0.0320071,10.439834
-0.050116826,0.031220205,10.028927
-0.04536612,0.030447347,9.566137
-0.04070777,0.029688278,9.052528
-0.03614026,0.02894288,8.489143
-0.031662043,0.028210934,7.8770084
-0.027271628,0.027492316,7.217136
-0.022967529,0.026786884,6.510518
-0.018748283,0.026094468,5.817656
-0.014612476,0.02541496,5.1383166
-0.010558684,0.024748206,4.472275
-0.0065855263,0.024094122,3.8193047
-0.0026916107,0.023452591,3.1791873
0.001124398,0.022823516,2.551705
0.0048638186,0.022206822,1.9366434
0.008527994,0.021602456,1.3337929
0.0121182045,0.021010319,0.74294543
0.015635721,0.020430421,0.16389671
0.019081838,0.0198627,-0.4035551
0.022457767,0.019307176,-0.9596088
0.025764775,0.018763851,-1.5044608
0.02533536,0.018451119,-1.9832739
0.024913104,0.018143598,-2.3973446
0.024497883,0.017841203,-2.7479467
0.024089582,0.017543849,-3.0363338
0.023688085,0.017251452,-3.263735
0.023293281,0.016963927,-3.4313612
0.022905055,0.016681194,-3.540401
0.022523308,0.016403174,-3.5920231
0.022147918,0.016129788,-3.5873752
0.021778783,0.015860954,-3.5275855
0.021415805,0.015596604,-3.468792
0.021058878,0.015336664,-3.4109783
0.020707894,0.015081056,-3.3541288
0.020362759,0.014829707,-3.2982266
0.020023378,0.014582546,-3.243256
0.019689655,0.014339503,-3.1892016
0.019361496,0.014100512,-3.136048
0.019038804,0.013865503,-3.0837803
0.018721493,0.013634412,-3.032384
0.018307788,0.010029197,-2.980319
0.017897774,0.006480996,-2.9275486
0.01749154,0.0029881955,-2.8740387
0.017089223,-4.5077005E-4,-2.8197584
0.016690906,-0.0038373629,-2.7646806
0.016296688,-0.0071729976,-2.7087803
0.015906636,-0.01045905,-2.652035
0.015520843,-0.01369683,-2.5944257
0.015139357,-0.016887553,-2.535934
0.01845332,-0.020167533,-2.5319111
0.02170527,-0.023383515,-2.582873
0.0248974,-0.026537737,-2.6878676
0.02803185,-0.029632425,-2.8459723
0.03111078,-0.032669805,-3.0562959
0.034136254,-0.03565205,-3.3179758
0.037110303,-0.038581274,-3.63018
0.04003493,-0.041459583,-3.9921048
0.042912032,-0.044288978,-4.402973
0.04574348,-0.047071416,-4.8620343
0.04853105,-0.04980879,-5.3132005
0.05127645,-0.052502904,-5.756768
0.05398131,-0.0551555,-6.193027
0.056647222,-0.057768267,-6.622257
0.05563213,-0.06031533,-6.990077
0.05463386,-0.062832706,-7.297541
0.053652123,-0.06532091,-7.545669
0.052686665,-0.067780465,-7.735444
0.051737208,-0.07021188,-7.867822
0.050803497,-0.07261565,-7.9437222
0.04988527,-0.07499228,-7.9640355
0.048982278,-0.07734223,-7.9296236
0.048094273,-0.07966595,-7.841318
0.047221,-0.081963934,-7.6999245
0.04636222,-0.084236614,-7.5608764
0.045517698,-0.08648443,-7.424134
0.0446872,-0.08870782,-7.2896595
0.043870486,-0.09090719,-7.1574173
0.043067344,-0.09308298,-7.027369
0.042277534,-0.09523558,-6.8994794
0.04150085,-0.09736539,-6.773713
0.04073707,-0.09947279,-6.650036
0.039985973,-0.10155819,-6.528411
0.03924736,-0.10362196,-6.408806
0.038521018,-0.10566446,-6.2911882
0.037806757,-0.107686065,-6.1755238
0.040886216,-0.10968205,-6.1185093
0.043983605,-0.10784943,-6.120206
0.04702664,-0.1060478,-6.1795955
0.050016515,-0.1042767,-6.29568
0.05295442,-0.1025356,-6.4674835
0.055841517,-0.10082399,-6.694051
0.058678962,-0.09914139,-6.9744453
0.061467882,-0.09748732,-7.307753
0.064209394,-0.09586131,-7.693079
0.0669046,-0.09426288,-8.129546
0.069554575,-0.09269159,-8.559571
0.07216038,-0.091146976,-8.9822235
0.07472307,-0.0896286,-9.39767
0.07724366,-0.088136,-9.806078
0.07972317,-0.086668774,-10.207608
0.08216259,-0.08522649,-10.602425
0.08456288,-0.083808735,-10.990684
0.08687862,-0.07862271,-11.371843
0.089144856,-0.0735354,-11.745876
0.09136283,-0.068544775,-12.112749
0.0935338,-0.06364884,-12.472438
0.09565905,-0.05884559,-12.824918
0.0977398,-0.05413307,-13.170169
0.09977735,-0.049509283,-13.508174
0.101772934,-0.044972274,-13.83892
0.10372786,-0.040520083,-14.162399
0.1056434,-0.036150772,-14.478608
0.107520826,-0.031862404,-14.788241
0.10936144,-0.027653022,-15.091488
0.111166544,-0.023520712,-15.388543
0.11293743,-0.01946355,-15.679599
0.11467539,-0.015479624,-15.964844
0.11638173,-0.0115670245,-16.244473
0.11805776,-0.00772384,-16.51868
0.119704805,-0.003948188,-16.787657
0.12132414,-2.381881E-4,-17.051601
0.12291706,0.0034080266,-17.310707
0.12448487,0.00699232,-17.565168
0.12602884,0.010516516,-17.815178
0.12755021,0.013982443,-18.060932
0.12905025,0.017391888,-18.302626
0.1305302,0.020746632,-18.540447
0.13199124,0.024048436,-18.77459
0.13343455,0.027299004,-19.005243
0.13486126,0.030500012,-19.23259
0.1362725,0.03365313,-19.456816
0.13766937,0.03675995,-19.6781
0.13905287,0.039822053,-19.89662
0.14042403,0.042840958,-20.112549
0.14178373,0.045818146,-20.32605
0.14313293,0.04875504,-20.53729
0.14447252,0.051653035,-20.746426
0.14580323,0.05451345,-20.953604
0.14712586,0.057337567,-21.158972
0.14844112,0.06012662,-21.36267
0.14974968,0.06288177,-21.56483
0.14710706,0.06539773,-21.706394
0.14451295,0.067868836,-21.788296
0.14196669,0.07029624,-21.811436
0.13946764,0.07268114,-21.776693
0.13701507,0.075024575,-21.684927
0.13460837,0.07732774,-21.536964
0.13224693,0.07959175,-21.33362
0.12993006,0.081817694,-21.075684
0.12765719,0.08400669,-20.763926
0.12542768,0.086159825,-20.399094
0.123337224,0.08472383,-20.042545
0.1212816,0.08331177,-19.694077
0.11926024,0.08192324,-19.35348
0.11727257,0.08055785,-19.020554
0.11531803,0.07921522,-18.695099
0.113396056,0.07789497,-18.376913
0.11150612,0.07659672,-18.0658
0.109647684,0.07532011,-17.761566
0.10782023,0.07406477,-17.464012
0.106023215,0.07283036,-17.172945
0.10425616,0.07161652,-16.886728
0.10251856,0.07042291,-16.605282
0.10080992,0.06924919,-16.32853
0.09912976,0.06809504,-16.056385
0.097477585,0.06696012,-15.788778
0.09585296,0.06584411,-15.525633
0.09425542,0.064746715,-15.2668705
0.09268449,0.0636676,-15.012424
0.08721206,0.06232838,-14.703302
0.08184411,0.061012197,-14.340615
0.076578856,0.059718713,-13.925456
0.07141463,0.0584476,-13.458897
0.06634971,0.057198524,-12.941992
0.061382454,0.05597121,-12.375784
0.056511227,0.05476532,-11.76129
0.05173437,0.05358058,-11.09951
0.047050357,0.052416705,-10.391435
0.042457614,0.051273458,-9.638031
0.03795459,0.050150536,-8.899169
0.033539794,0.04904775,-8.174604
0.02921172,0.04796481,-7.464097
0.024968902,0.046901543,-6.7674108
0.02080992,0.045857746,-6.084314
0.01673332,0.044833206,-5.414577
0.012737727,0.043827813,-4.7579746
0.008821734,0.04284135,-4.114285
0.0049839895,0.041873757,-3.4832897
0.001223143,0.040924884,-2.8647728
-0.0024621408,0.039994653,-2.2585216
-0.006073181,0.039083045,-1.664327
-0.009611273,0.03819,-1.0819821
-0.013077736,0.03731553,-0.51128256
-0.016473826,0.0364597,0.047973655
-0.019800838,0.035622563,0.59598607
-0.023060055,0.034804247,1.1329529
-0.02625274,0.034004927,1.6590699
-0.029380178,0.033224806,2.1745324
-0.028890507,0.03267106,2.6262372
-0.028408997,0.032126546,3.0154402
-0.027935512,0.031591106,3.3433752
-0.027469922,0.03106459,3.6112547
-0.027012086,0.030546848,3.8202698
-0.026561888,0.030037737,3.9715908
-0.026119193,0.029537106,4.066366
-0.025683872,0.029044818,4.1057234
-0.025255807,0.02856074,4.09077
-0.024834879,0.02808473,4.02259
-0.02442096,0.027616652,3.9555466
-0.024013948,0.027156377,3.8896205
-0.027166855,0.026496887,3.878091
-0.03025562,0.025855493,3.9198768
-0.033281565,0.025232624,4.013919
-0.03624608,0.02462872,4.1591816
-0.039150547,0.024044324,4.3546524
-0.04199642,0.023479963,4.59934
-0.044785168,0.022936312,4.89228
-0.04751834,0.022413993,5.232532
-0.05019753,0.021913616,5.619181
-0.052786876,0.018260678,6.0507746
-0.05533742,0.014687077,6.4733334
-0.057851907,0.011187085,6.8872776
-0.060332764,0.0077554067,7.2930455
-0.06278213,0.004387188,7.691087
-0.061722483,0.0010956366,8.029667
-0.0606805,-0.002154231,8.309926
-0.05965588,-0.0053631226,8.532988
-0.058648326,-0.008531769,8.699938
-0.05765756,-0.011660814,8.811838
-0.056683306,-0.014750973,8.870284
-0.055725288,-0.017802851,8.876102
-0.054783233,-0.020817136,8.830071
-0.053856872,-0.023794452,8.732933
-0.052945957,-0.0267354,8.585391
-0.052050218,-0.029640626,8.440308
-0.051169407,-0.032510716,8.297641
-0.050303277,-0.03534627,8.1573515
-0.04945158,-0.03814783,8.0194
-0.048614074,-0.040916014,7.883748
-0.047790527,-0.04365135,7.7503567
-0.04699402,-0.042923823,7.6193876
-0.046210784,-0.042208426,7.4908004
-0.045440607,-0.041504957,7.3645563
-0.041103207,-0.040802676,7.1869154
-0.036836483,-0.04010795,6.9587097
-0.03263871,-0.039420653,6.6807494
-0.028508218,-0.0387407,6.353823
-0.024443377,-0.038068023,5.9787006
-0.020442585,-0.037402574,5.5561285
-0.016504284,-0.03674427,5.086835
-0.012626958,-0.036093082,4.5713286
-0.008809121,-0.03544895,4.0103035
-0.00504934,-0.034811847,3.4044344
-0.0013462146,-0.034181736,2.8080792
0.0023016136,-0.0335586,2.2210078
0.0058954637,-0.032942407,1.6429951
0.009436616,-0.032333136,1.0738229
0.0129263,-0.03173077,0.51327765
0.016365731,-0.031135289,-0.038847104
0.019756058,-0.030546682,-0.5827522
0.02309842,-0.029964931,-1.1186329
0.026393915,-0.02939001,-1.6466784
0.029643575,-0.028821914,-2.1670723
0.032848455,-0.02826062,-2.6799924
0.036009528,-0.027706107,-3.1856112
0.039127767,-0.027158363,-3.6840959
0.04220409,-0.026617369,-4.175608
0.0452394,-0.026083088,-4.6603036
0.048234597,-0.025555508,-5.138336
0.0511905,-0.025034595,-5.6098533
0.054107945,-0.024520326,-6.0749965
0.056987718,-0.024012668,-6.533903
0.059830606,-0.023511592,-6.986708
0.06263736,-0.023017056,-7.4335423
0.065408714,-0.02252903,-7.8745303
0.06814537,-0.022047456,-8.309793
0.07084802,-0.021572312,-8.739453
0.07351732,-0.02110355,-9.163622
0.076153964,-0.020641128,-9.582413
0.07875855,-0.020184986,-9.995934
0.081331715,-0.01973509,-10.40429
0.083874054,-0.019291393,-10.807585
0.086571954,-0.022460794,-11.208705
0.08924375,-0.02559618,-11.607801
0.09188984,-0.028698143,-12.005018
0.09451072,-0.031767216,-12.400497
0.09710678,-0.034803964,-12.79438
0.099678405,-0.03780892,-13.186796
0.10222604,-0.040782627,-13.577878
0.10475008,-0.043725602,-13.967751
0.1072509,-0.046638355,-14.356538
0.10972889,-0.049521398,-14.74436
0.11218445,-0.052375216,-15.128548
0.11055049,-0.05525527,-15.448149
0.10894639,-0.05809588,-15.703996
0.107371494,-0.060897868,-15.896908
0.10582532,-0.06366203,-16.027687
0.104307264,-0.066389166,-16.09712
0.10281686,-0.06908001,-16.105982
0.101353504,-0.071735315,-16.055035
0.0999167,-0.074355826,-15.945021
0.09850599,-0.076942235,-15.776676
0.097120844,-0.07949524,-15.550722
0.09576075,-0.08201551,-15.3288765
0.09034193,-0.0845048,-15.04981
0.08502055,-0.08695405,-14.714547
0.07979439,-0.08936442,-14.324083
0.07466139,-0.09173706,-13.879394
0.069619395,-0.09407311,-13.381432
0.064417034,-0.0924905,-12.827384
0.0593117,-0.09093446,-12.218309
0.05430173,-0.08940458,-11.555245
0.049385406,-0.087900415,-10.839214
0.04456103,-0.086421534,-10.0712185
0.03982695,-0.08496753,-9.313495
0.035181545,-0.08353801,-8.565909
0.030623166,-0.08213254,-7.82834
0.026150282,-0.08075073,-7.100673
0.021761274,-0.07939222,-6.382802
0.017454617,-0.07805659,-5.6783657
0.013228766,-0.07674348,-4.9871216
0.009082246,-0.07545253,-4.3088293
0.0050135376,-0.07418335,-3.643251
0.0010211945,-0.07293561,-2.9901536
-0.0028962453,-0.07170894,-2.3493056
-0.0067402045,-0.070503004,-1.7204795
-0.010512098,-0.06931745,-1.1034505
-0.014213324,-0.068151966,-0.49799642
-0.018010791,-0.063194446,0.09858453
-0.021726727,-0.05833716,0.68630457
-0.02536253,-0.053578332,1.265174
-0.028919594,-0.04891624,1.8352019
-0.032399256,-0.044349194,2.3963938
-0.035802875,-0.039875496,2.9487545
-0.039131753,-0.035493474,3.4922874
-0.042387232,-0.031201495,4.026993
-0.04557057,-0.026997931,4.5528703
-0.048683055,-0.022881163,5.0699153
-0.051725946,-0.018849585,5.5756435
-0.0547005,-0.0149016185,6.07025
-0.057607938,-0.011035689,6.5539317
-0.060449485,-0.0072502214,7.02688
-0.06322637,-0.003543659,7.489286
-0.0659398,8.555651E-5,7.9413395
-0.06859096,0.0036389828,8.383228
-0.071181044,0.0071181776,8.815135
-0.07371128,0.01052469,9.2372465
-0.07254156,0.013880758,9.595122
-0.07139127,0.017167933,9.890104
-0.0702601,0.020387383,10.123498
-0.06914772,0.023540258,10.296595
-0.06805382,0.026627727,10.410658
-0.06697807,0.029650887,10.466933
-0.06592017,0.032610856,10.46664
-0.06487982,0.035508726,10.410973
-0.06385672,0.03834558,10.301107
-0.06285058,0.041122485,10.138198
-0.0618611,0.043840494,9.977991
-0.060888,0.046500668,9.820441
-0.059930995,0.04910401,9.665504
-0.058989808,0.05165156,9.513138
-0.058064148,0.054144345,9.363291
-0.057153758,0.05658336,9.215927
-0.052708957,0.059039254,9.017758
-0.04834254,0.06145812,8.769699
-0.044051833,0.0638425,8.472626
-0.039834123,0.066194855,8.127378
-0.035686657,0.06851773,7.734762
-0.031606674,0.07081362,7.2955422
-0.02750484,0.06977321,6.8091507
-0.023461139,0.0687561,6.27622
-0.019474292,0.06776156,5.697373
-0.015543079,0.06678887,5.073212
-0.011666322,0.065837316,4.457572
-0.007842898,0.064906254,3.8500776
-0.0040717125,0.06399505,3.250376
-3.5172302E-4,0.06310309,2.65814
0.003318095,0.062229767,2.0730686
0.006938704,0.061374586,1.4948881
0.010511065,0.060536966,0.92464954
0.014036099,0.05971643,0.362191
0.017514698,0.0589125,-0.19264391
0.020947719,0.058124695,-0.7400059
0.020598587,0.05715595,-1.2239795
0.016530346,0.056009285,-1.5895782
0.012542304,0.054884456,-1.8387884
0.008633049,0.053781305,-1.97356
0.008489164,0.052884944,-2.0511262
0.0046596685,0.051818237,-2.0169406
9.060939E-4,0.05077262,-1.8728659
-0.0027729592,0.049748007,-1.62073
-0.0063788733,0.048744258,-1.2623265
-0.009913031,0.047761288,-0.7994152
-0.0133768,0.04679904,-0.2897844
-0.016771562,0.04585745,0.20974419
-0.02009867,0.044936497,0.6993588
-0.019763691,0.044187553,1.1253098
-0.019339414,0.04011546,1.5427387
-0.018920736,0.036103558,1.8964447
-0.018507684,0.032150388,2.1876512
-0.018100265,0.028254572,2.417561
-0.017698463,0.024414785,2.5873544
-0.017302299,0.020629708,2.6981936
-0.016911725,0.016898163,2.7512178
-0.016526742,0.013218967,2.7475455
-0.019778669,0.009500074,2.7427454
-0.02297609,0.0058472794,2.7909312
-0.026121112,0.0022581497,2.8926568
-0.029215764,-0.0012696664,3.0470824
-0.032261994,-0.004738458,3.253397
-0.035261694,-0.008150427,3.5108185
-0.038216636,-0.011507678,3.8185909
-0.041128524,-0.014812255,4.175984
-0.043998975,-0.018066056,4.582293
-0.04682954,-0.021270959,5.0368347
-0.049621668,-0.024428701,5.48448
-0.052376747,-0.02754093,5.9254894
-0.05509607,-0.03060925,6.3601146
-0.05778087,-0.033635143,6.788591
-0.060432315,-0.036620032,7.211146
-0.0630515,-0.039565254,7.627993
-0.06563947,-0.042472087,8.039336
-0.06819722,-0.04534175,8.445365
-0.070725664,-0.04817536,8.846265
-0.0732257,-0.05097403,9.242208
-0.075698145,-0.05373878,9.633356
-0.07814381,-0.0564706,10.019861
-0.08056344,-0.05917042,10.401872
-0.08295776,-0.061839107,10.779526
-0.085327454,-0.064477526,11.152953
-0.08767316,-0.06708648,11.522278
-0.08999551,-0.06966674,11.887618
-0.09229509,-0.07221904,12.249085
-0.09457246,-0.07474409,12.606788
-0.0968282,-0.07724257,12.960826
-0.09906279,-0.07971512,13.311295
-0.10127677,-0.08216235,13.658288
-0.10347059,-0.084584884,14.001896
-0.105644725,-0.086983286,14.342201
-0.10779963,-0.08935811,14.679285
-0.109935716,-0.09170989,15.013224
-0.112053394,-0.094039135,15.344091
-0.1141531,-0.09634636,15.67196
-0.116235204,-0.09863203,15.996902
-0.11830006,-0.10089661,16.31898
-0.12034806,-0.10314058,16.638258
-0.12237953,-0.10536432,16.9548
-0.12439484,-0.1075683,17.268661
-0.12232159,-0.1057755,17.518818
-0.120282896,-0.10401257,17.706066
-0.11827818,-0.10227903,17.831202
-0.11630688,-0.10057438,17.895006
-0.11436843,-0.09889814,17.898235
-0.10855937,-0.09722094,17.783098
-0.10285313,-0.095572755,17.551394
-0.09724776,-0.09395313,17.204891
-0.09174137,-0.09236159,16.745317
-0.08633209,-0.09079768,16.174376
-0.08101809,-0.08926096,15.554824
-0.075797535,-0.08775098,14.887543
-0.070668645,-0.0862673,14.173401
-0.065629646,-0.08480949,13.41324
-0.06067882,-0.083377145,12.607897
-0.055814434,-0.08196984,11.816723
-0.05103481,-0.08058718,11.039449
-0.046338275,-0.07922874,10.275805
-0.041723203,-0.07789413,9.525533
-0.037187982,-0.076582976,8.788371
-0.032731015,-0.07529488,8.064066
-0.028350744,-0.074029475,7.352363
-0.024045628,-0.072786376,6.6530185
-0.019814145,-0.07156523,5.965786
-0.015654806,-0.07036565,5.290426
-0.011566138,-0.069187306,4.626701
-0.0075467,-0.06802984,3.9743793
-0.003595064,-0.06689291,3.3332312
2.901703E-4,-0.06577616,2.7030306
0.0041103796,-0.06467927,2.0835555
0.007866919,-0.0636019,1.4745862
0.01156112,-0.062543735,0.8759084
0.015194293,-0.061504442,0.28730953
0.018767724,-0.060483713,-0.2914185
0.022282682,-0.05948124,-0.8604808
0.02574041,-0.058496702,-1.4200789
0.029142123,-0.057529803,-1.9704113
0.032489028,-0.056580245,-2.5116727
0.0357823,-0.05564774,-3.044055
0.03902309,-0.05473198,-3.567746
0.042212542,-0.053832706,-4.0829296
0.045351762,-0.05294962,-4.5897894
0.048441853,-0.05208244,-5.088503
0.05148387,-0.051230907,-5.579245
0.054478884,-0.05039474,-6.062188
0.057427905,-0.049573686,-6.537501
0.06033195,-0.048767466,-7.005348
0.063192025,-0.047975842,-7.4658933
0.066009074,-0.047198545,-7.9192944
0.068784066,-0.046435334,-8.365709
0.07151791,-0.045685958,-8.805289
0.07421152,-0.044950183,-9.238185
0.076865815,-0.04422776,-9.664544
0.07948165,-0.043518465,-10.084512
0.082059875,-0.04282205,-10.498226
0.08460132,-0.0421383,-10.9058275
0.08710682,-0.041467,-11.307451
0.089577176,-0.040807907,-11.703227
0.09201315,-0.040160824,-12.093289
0.09441551,-0.039525513,-12.47776
0.096785024,-0.03890179,-12.856768
0.0991224,-0.03828943,-13.230431
0.10142835,-0.037688237,-13.598869
0.103703596,-0.03709801,-13.962199
0.1059488,-0.036518548,-14.320533
0.10816464,-0.035949662,-14.673981
0.110351756,-0.035391163,-15.0226555
0.11251077,-0.034842856,-15.36666
0.114642344,-0.034304563,-15.706097
0.116747044,-0.033776097,-16.04107
0.118825465,-0.033257287,-16.371675
0.12087823,-0.03274795,-16.698015
0.122905865,-0.03224792,-17.020178
0.12465746,-0.027778309,-17.334484
0.12638184,-0.023389567,-17.640982
0.12808004,-0.019079955,-17.939713
0.12975298,-0.014847708,-18.230732
0.12733118,-0.0106579345,-18.453037
0.12495092,-0.0065492094,-18.607666
0.12261159,-0.002520132,-18.695633
0.1162633,0.0014528513,-18.657204
0.11003961,0.0053410134,-18.494623
0.103938445,0.009145791,-18.210112
0.09795777,0.012868594,-17.809618
0.09209557,0.01651079,-17.29532
0.08634984,0.020073758,-16.669367
0.08071865,0.023558818,-15.933852
0.07520011,0.026967296,-15.151886
0.069792315,0.030300505,-14.324508
0.064493395,0.033559702,-13.452736
0.059301574,0.036746163,-12.598309
0.054215033,0.039861117,-11.7609415
0.049232014,0.042905793,-10.940344
0.044350784,0.045881383,-10.13624
0.03956965,0.048789095,-9.348351
0.034886893,0.05163007,-8.5764065
0.030300919,0.054405496,-7.8201413
0.02581006,0.057116494,-7.0792904
0.021412754,0.059764195,-6.3535967
0.0171074,0.062349703,-5.6428065
0.012892476,0.064874135,-4.9466696
0.008766437,0.06733856,-4.2649407
0.004727793,0.06974407,-3.5973773
7.7505904E-4,0.07209173,-2.9437416
-0.0030932107,0.07438257,-2.3037987
-0.0068784477,0.076617695,-1.6773186
-0.010582081,0.07879812,-1.0640737
-0.014205496,0.0809249,-0.46384022
-0.017750064,0.08299908,0.12360197
-0.021217136,0.08502171,0.69847
-0.024608059,0.08699384,1.2609781
-0.027924163,0.08891653,1.8113371
-0.031166757,0.09079089,2.3497555
-0.03433714,0.09261797,2.8764386
-0.037436597,0.09439891,3.3915892
-0.040466413,0.09613487,3.8954089
-0.04342787,0.09782704,4.3880954
-0.046322234,0.09947667,4.869846
-0.049150802,0.10108509,5.340857
-0.051914867,0.102653675,5.801323
-0.05461573,0.10418395,6.2514386
-0.057254728,0.10567756,6.691397
-0.05983323,0.10713626,7.121394
-0.062352657,0.10856206,7.541627
-0.06481449,0.10995717,7.9522953
-0.067213655,0.10810701,8.353505
-0.06957192,0.10629938,8.745666
-0.07189087,0.104533575,9.129194
-0.0741721,0.102808885,9.504514
-0.076417126,0.101124525,9.872047
-0.078627445,0.09947961,10.2322235
-0.080804504,0.097873285,10.58547
-0.08294968,0.09630456,10.932218
-0.0850643,0.09477248,11.272892
-0.087149605,0.09327605,11.607919
-0.08920678,0.091814235,11.937815
-0.09123693,0.090386055,12.262792
-0.09324112,0.088990465,12.583044
-0.09529073,0.084346086,12.899824
-0.097324714,0.079762794,13.213438
-0.09934341,0.07523921,13.524178
-0.10134711,0.07077405,13.832315
-0.10333608,0.06636604,14.138111
-0.10531058,0.06201408,14.441806
-0.107270904,0.057717036,14.743625
-0.10921728,0.053473856,15.043782
-0.11114996,0.04928351,15.342479
-0.11306919,0.045145024,15.6399
-0.114975214,0.04105743,15.935166
-0.11686823,0.037019793,16.22832
-0.11874849,0.033031225,16.519396
-0.12061619,0.029090846,16.808434
-0.12247157,0.025197787,17.095463
